id v l r z t T neigh: v l t T,  v l t T, v l t T
   0 0 0     3.2315    -0.0391   -49.6750    50.4636  0  1     1  0    -1 -1    -1 -1    -1 -1    -1 -1    -1 -1    -1 -1    
   1 0 1     7.2142     0.0336   -49.4782    49.8248  0  2     1  0    -1 -1     0  0    -1 -1    -1 -1    -1 -1    -1 -1 
   2 0 2    11.6088     0.0072   -49.3922    49.6009  0  3     1  0     3  0     0  1    -1 -1    -1 -1    -1 -1       -1 -1 
   3 0 3    17.2059     0.0121   -49.3130    49.4533  3  0    -1 -1    -1 -1     0  2    -1 -1    -1 -1    -1 -1       -1 -1 
   4 1 0     7.4892   -59.9983     2.9906    17.6747  1  1     3  0    -1 -1     0  2     0  1     0  0    -1 -1       -1 -1 
   5 1 1     7.4807   -69.9987     2.9923    17.6672  1  2     3  0     4  0     1  0    -1 -1    -1 -1    -1 -1       -1 -1 
   6 1 2     7.4730   -81.9985     2.9956    17.6596  1  3     4  0     4  1     1  1    -1 -1    -1 -1    -1 -1       -1 -1 
   7 1 3     8.0672   -95.9986     2.9957    17.6534  1  4     4  1     4  2     1  2    -1 -1    -1 -1    -1 -1       -1 -1 
   8 1 4     8.6765  -109.9990     2.9964    17.6490  1  5     4  1     4  2     1  3    -1 -1    -1 -1    -1 -1       -1 -1 
   9 1 5     9.4560  -129.9990     2.9971    17.6432  1  6     4  2     4  3     1  4    -1 -1    -1 -1    -1 -1       -1 -1 
  10 1 6    10.1386  -149.9990     3.0014    17.6403  4  3     4  4     4  5     1  5    -1 -1    -1 -1    -1 -1       -1 -1 
  11 2 0     7.4931    59.9982     2.9903    17.6738 -1 -1    -1 -1    -1 -1    -1 -1    -1 -1    -1 -1    -1 -1       -1 -1 
  12 2 1     7.4931    69.9987     2.9921    17.6670 -1 -1    -1 -1    -1 -1    -1 -1    -1 -1    -1 -1    -1 -1       -1 -1 
  13 2 2     7.4871    81.9984     2.9936    17.6591 -1 -1    -1 -1    -1 -1    -1 -1    -1 -1    -1 -1    -1 -1       -1 -1 
  14 2 3     8.0778    95.9986     2.9962    17.6537 -1 -1    -1 -1    -1 -1    -1 -1    -1 -1    -1 -1    -1 -1       -1 -1 
  15 2 4     8.6864   109.9990     2.9973    17.6490 -1 -1    -1 -1    -1 -1    -1 -1    -1 -1    -1 -1    -1 -1       -1 -1 
  16 2 5     9.4734   129.9990     2.9970    17.6441 -1 -1    -1 -1    -1 -1    -1 -1    -1 -1    -1 -1    -1 -1       -1 -1 
  17 2 6    10.1496   149.9990     3.0001    17.6401 -1 -1    -1 -1    -1 -1    -1 -1    -1 -1    -1 -1    -1 -1       -1 -1 
  18 3 0    26.0348     0.0321  -108.8930   108.9010  3  1     4  0    -1 -1     1  2     1  1     1  0     0  3       0  2 
  19 3 1    36.0265     0.0261  -108.8100   108.8100  3  2     4  0    -1 -1     3  0    -1 -1    -1 -1    -1 -1       -1 -1 
  20 3 2    50.0212    -0.0249  -108.7160   108.7150  3  3     4  0     7  1     3  1    -1 -1    -1 -1    -1 -1       -1 -1 
  21 3 3    66.0170     0.0923  -108.6370   108.6410  6  0     7  0    -1 -1     3  2    -1 -1    -1 -1    -1 -1       -1 -1 
  22 4 0    44.3185  -121.8850    24.0599    70.2472  4  1     7  1     7  2     3  2     3  1     3  0     1  3        1 2 
  23 4 1    43.7625  -149.8900    24.0600    70.2129  4  2     7  2     7  3     4  0     1  4     -1  -1    -1 -1       -1 -1 
  24 4 2    43.3955  -179.8870    24.0600    70.1853  4  3     7  3     7  4     4  1     1  5    -1 -1    -1 -1       -1 -1 
  25 4 3    43.2813  -214.8880    24.0600    70.1638  4  4     7  4     7  5     4  2     1  6    -1 -1    -1 -1       -1 -1 
  26 4 4    43.2955  -254.8880    24.0600    70.1471  4  5     7  5    -1 -1     4  3     1  6    -1 -1    -1 -1       -1 -1 
  27 4 5    43.4990  -294.8880    24.0600    70.1345 -1 -1    -1 -1    -1 -1     4  4     1  6    -1 -1    -1 -1       -1 -1 
  28 5 0    44.3317   121.8830    24.0600    70.2460 -1 -1    -1 -1    -1 -1    -1 -1    -1 -1    -1 -1    -1 -1       -1 -1 
  29 5 1    43.8169   149.8870    24.0599    70.2117 -1 -1    -1 -1    -1 -1    -1 -1    -1 -1    -1 -1    -1 -1       -1 -1 
  30 5 2    43.4989   179.8850    24.0600    70.1845 -1 -1    -1 -1    -1 -1    -1 -1    -1 -1    -1 -1    -1 -1       -1 -1 
  31 5 3    43.3271   214.8870    24.0600    70.1642 -1 -1    -1 -1    -1 -1    -1 -1    -1 -1    -1 -1    -1 -1       -1 -1 
  32 5 4    43.3414   254.8870    24.0600    70.1465 -1 -1    -1 -1    -1 -1    -1 -1    -1 -1    -1 -1    -1 -1       -1 -1 
  33 5 5    43.5906   294.8870    24.0600    70.1333 -1 -1    -1 -1    -1 -1    -1 -1    -1 -1    -1 -1    -1 -1       -1 -1 
  34 6 0    82.0151     0.0822  -108.1090   108.1090  6  1     7  0    -1 -1    3  3    -1 -1    -1 -1    -1 -1       -1 -1 
  35 6 1   102.0140     0.1329  -108.0670   108.0660 -1 -1    -1 -1    -1 -1     6  0    -1 -1    -1 -1    -1 -1       -1 -1 
  36 7 0    87.5145  -121.9590    75.5199   101.7340  7  1    -1 -1    -1 -1     6  0     3  3    -1 -1    -1 -1       -1 -1 
  37 7 1    87.0964  -149.9430    75.5200   101.7350  7  2    -1 -1    -1 -1     7  0     4  0    -1 -1    -1 -1       -1 -1 
  38 7 2    87.0059  -179.9390    75.5199   101.7330  7  3    -1 -1    -1 -1     7  1     4  1     4  0    -1 -1       -1 -1 
  39 7 3    87.0928  -214.9430    75.5199   101.7340  7  4    -1 -1    -1 -1     7  2     4  2     4  1    -1 -1       -1 -1 
  40 7 4    86.9403  -254.9370    75.5200   101.7350  7  5    -1 -1    -1 -1     7  3     4  3     4  2    -1 -1       -1 -1 
  41 7 5    87.0252  -294.9340    75.5199   101.7350 -1 -1    -1 -1    -1 -1     7  4     4  4     4  3    -1 -1       -1 -1 
  42 8 0    87.5554   121.9600    75.5199   101.7340 -1 -1    -1 -1    -1 -1    -1 -1    -1 -1    -1 -1    -1 -1       -1 -1 
  43 8 1    87.1124   149.9430    75.5199   101.7350 -1 -1    -1 -1    -1 -1    -1 -1    -1 -1    -1 -1    -1 -1       -1 -1 
  44 8 2    87.0405   179.9410    75.5199   101.7330 -1 -1    -1 -1    -1 -1    -1 -1    -1 -1    -1 -1    -1 -1       -1 -1 
  45 8 3    86.9939   214.9390    75.5199   101.7340 -1 -1    -1 -1    -1 -1    -1 -1    -1 -1    -1 -1    -1 -1       -1 -1 
  46 8 4    86.9406   254.9320    75.5199   101.7340 -1 -1    -1 -1    -1 -1    -1 -1    -1 -1    -1 -1    -1 -1       -1 -1 
  47 8 5    87.2385   294.9440    75.5199   101.7340 -1 -1    -1 -1    -1 -1    -1 -1    -1 -1    -1 -1    -1 -1       -1 -1 
