0 1.126466 1.092083 108.285641 2733.462630 1199.726279 1013.562686
0 1.139638 1.139638 15.118429 2761.674594 1207.531313 1006.690061
0 1.142098 1.198722 90.958316 3161.958037 1213.349644 1041.606088
0 1.153993 1.237299 176.142517 4222.648443 1222.858887 1108.879759
0 1.233566 1.213850 192.713284 4193.557779 1223.665702 1118.273989
0 1.123700 0.414073 89.315134 2681.947190 1200.694718 1005.528323
0 1.200445 1.227032 0.664332 3399.524801 1223.463037 1048.309743
0 1.140671 1.165155 35.872972 2947.435165 1213.395037 1021.895796
0 1.201381 1.175825 169.371953 3502.129590 1217.554533 1087.090619
0 1.085028 1.156281 1.830637 2345.335840 1190.992485 964.090085
0 1.171211 1.144940 114.314382 3187.247098 1214.079466 1045.355979
0 1.175507 1.175507 48.039002 3050.793647 1217.649922 1033.918124
0 1.193382 1.177472 99.952467 3362.399696 1220.499463 1055.852936
0 1.094321 1.144076 210.949497 3502.907119 1208.024457 1105.587871
0 1.127912 1.167957 102.172390 3081.631286 1215.634861 1042.376042
0 1.156115 1.192543 34.734224 3011.383109 1216.958596 1028.203765
0 1.074783 1.061495 81.867907 2330.087775 1182.345372 962.992035
0 1.125328 1.128266 15.397592 2629.855078 1202.043396 991.972208
0 1.208289 1.146543 197.856561 3688.930664 1214.205838 1103.610209
0 1.199809 1.199809 189.798073 3655.118481 1213.093206 1093.679889
0 1.140051 1.155007 16.303344 2807.029327 1206.885265 1002.346046
0 1.198959 1.195653 60.280717 3408.208227 1221.141347 1047.636219
0 1.161524 1.143103 58.914088 3008.370307 1214.900621 1024.615804
0 1.193943 1.165404 198.195328 3522.500035 1210.636390 1094.751070
0 1.160336 1.148420 117.225676 2915.545651 1212.265153 1037.346202
0 1.153326 1.153326 91.162385 2883.262925 1209.120137 1022.209413
0 1.136104 1.170313 197.149232 3946.886979 1219.315115 1108.426340
0 1.113391 1.154949 112.094214 2887.951160 1211.276054 1031.789944
0 1.096142 1.127056 198.187208 3407.597113 1211.248147 1090.621045
0 1.150611 1.091047 197.619239 3008.017884 1197.194196 1066.442742
0 1.167988 1.165183 141.364162 3008.538768 1210.994751 1047.445711
0 1.212693 1.244795 131.012984 3596.095952 1223.157389 1072.210177
0 1.203900 1.199218 18.901006 3367.915580 1226.710347 1048.474171
0 1.172921 1.166826 134.194889 3140.079597 1215.854334 1050.592585
0 1.160392 1.182804 90.892250 2855.340945 1214.904823 1028.688894
0 1.199447 1.208045 29.402746 3318.355197 1225.809811 1045.999987
0 1.048227 1.052220 209.498483 2867.875433 1192.343633 1070.372950
0 1.128185 1.154135 71.297561 2935.929900 1215.785062 1023.367948
0 1.114467 1.170927 188.921390 3493.664495 1218.426782 1092.030511
0 1.167164 1.157276 35.803240 2890.564714 1219.115767 1023.426149
0 1.193851 1.169717 189.685424 3350.647365 1217.349772 1088.773602
0 1.097335 1.079093 129.139115 2379.942515 1192.584217 994.392787
0 1.213357 1.111561 210.013455 3627.313825 1220.039902 1112.967372
0 1.218048 1.160512 201.052430 3796.362385 1222.971799 1109.549947
0 1.106253 1.130626 91.635149 2651.638992 1209.744341 1012.722719
0 1.092298 1.164459 211.175612 3331.487121 1211.726919 1099.635491
0 1.058079 1.292749 30.036658 2212.534142 1188.661541 950.691802
0 1.056803 1.113436 191.897561 2778.174831 1194.213488 1050.968882
0 0.294857 1.137825 68.772725 2899.023633 1213.756462 1019.093838
0 1.149836 1.096444 194.996626 2901.021553 1199.470549 1061.811040
0 1.147124 0.395580 117.902409 2858.565418 1208.365544 1022.997495
0 1.172131 1.162272 138.779717 3024.902020 1213.994348 1047.472120
0 1.147199 1.132283 114.204306 2825.400785 1208.608248 1021.847700
0 1.105673 1.147821 83.374989 2708.703313 1208.722490 1009.679262
0 0.948596 1.102808 150.038515 2809.699258 1208.809244 1039.415152
0 1.075719 1.146416 62.779727 2780.310583 1214.191965 1013.313242
0 1.164680 1.115595 199.802652 3053.163168 1203.950004 1074.247202
0 1.079330 1.097116 199.515575 2996.887069 1205.809488 1075.032083
0 1.105104 1.196527 208.090917 3506.668593 1213.949494 1098.117394
0 1.081293 1.081293 108.827930 2237.606423 1189.970091 973.591626
0 1.179427 1.147318 161.179109 3053.029731 1217.423624 1063.758345
0 1.120821 1.179368 96.431483 2512.432896 1202.186700 996.960887
0 1.080199 1.084824 66.509205 2251.571581 1190.286703 958.787919
0 1.162856 1.162856 63.250013 2851.045968 1215.838006 1019.993853
0 0.492949 1.094422 121.760517 2566.547572 1204.961601 1010.903391
0 0.757296 1.081695 198.869703 3012.103822 1208.647650 1076.437603
0 1.120374 1.147263 171.084031 3227.839185 1219.642871 1072.985600
0 1.160549 1.174411 144.899762 3522.531713 1228.434279 1079.130117
0 1.184853 1.167708 185.883850 3262.175153 1214.497993 1076.248892
0 1.044712 1.115751 222.807802 2868.343498 1189.404207 1075.895901
0 0.848953 1.117071 214.925094 2891.578515 1194.950994 1072.743145
0 0.663591 1.070284 166.416199 2390.643069 1190.390628 1011.783201
0 1.165324 1.144279 147.116138 2985.265817 1215.785783 1047.336168
0 1.065588 1.065588 0.430848 2096.658195 1190.312409 942.242779
0 1.177814 0.365183 148.895699 2983.962309 1219.037805 1056.279735
0 1.095258 1.095258 91.270710 2307.124992 1195.229117 975.082265
0 1.181368 1.134165 163.792886 3154.750900 1216.348725 1062.162410
0 0.298469 1.241687 59.864001 3090.600925 1222.163611 1033.153200
0 0.323647 1.159125 96.005689 2874.306800 1221.331136 1035.739644
0 0.569516 1.152478 159.132683 3235.493808 1222.861492 1070.156332
0 0.486522 1.165349 115.230787 3068.386391 1222.956560 1047.594851
0 1.137098 1.138548 24.607745 2572.001787 1213.812390 998.217804
0 1.156095 1.156095 14.609319 2718.973154 1218.981032 1011.679905
0 1.219794 1.168976 179.827823 3621.155158 1228.007088 1095.625079
0 1.131442 1.137560 33.331611 2576.210908 1213.845951 999.201173
0 1.142629 1.193355 178.496099 3549.469130 1226.863838 1091.772187
0 1.222466 1.167529 202.371736 3691.790198 1226.670261 1109.359400
0 1.101943 1.137139 203.890646 3329.495802 1215.222056 1088.843691
0 1.220063 1.220063 208.352871 3673.088783 1223.679364 1107.711375
0 1.123449 1.089204 197.457765 2574.939940 1196.182618 1043.613155
0 1.167771 1.167771 108.813377 2785.876131 1220.888579 1033.543481
0 1.142478 1.090418 208.417701 2740.128656 1198.778398 1060.721354
0 1.137301 1.128159 84.705658 2510.989082 1214.314317 1004.981989
0 1.041972 1.102172 216.156383 2726.471858 1194.896046 1061.993167
0 1.091803 0.400706 216.632075 3264.821270 1213.735693 1092.824098
0 1.108731 1.144363 140.852765 2875.536340 1215.190530 1036.219052
0 1.125339 1.168695 115.161938 2998.053852 1221.039895 1038.738505
0 1.229524 1.206468 211.347565 3803.768340 1226.877586 1113.398648
0 0.877688 1.180138 222.421134 3092.414404 1212.758381 1096.109882
0 0.546148 1.147113 154.926081 2836.477779 1216.837100 1044.576417
0 0.170957 1.158932 29.222655 2683.412325 1219.293114 1005.502442
0 0.728970 1.154726 180.255661 3498.831505 1230.178446 1093.679748
0 1.138016 1.136795 99.906775 2560.426551 1211.595932 1006.066687
0 1.202386 1.202386 21.805879 3142.012928 1228.843184 1039.535465
0 1.157892 1.100952 169.843862 2875.159103 1212.143343 1046.276196
0 1.153841 1.138430 82.178202 2720.941863 1216.780037 1013.222331
0 1.022290 1.049666 135.607233 2174.888991 1189.041872 973.516933
0 1.049241 1.090444 99.460058 2201.117917 1196.838765 969.726095
0 1.093648 1.093648 38.125941 2182.202554 1203.615373 962.753205
0 1.067930 1.114311 207.286610 2776.178306 1207.563560 1065.045621
0 1.085755 0.421209 199.163164 2942.490283 1212.004091 1064.628136
0 1.105590 1.148516 180.127179 2920.776573 1217.733565 1061.058292
0 1.108730 1.133259 161.514828 2884.463633 1220.226982 1054.091494
0 0.950100 1.113835 230.219590 3137.804646 1212.446789 1098.066396
0 1.154740 1.146544 25.976691 2561.325438 1222.905736 1006.908680
0 1.188498 1.195403 166.829459 3036.688989 1225.789355 1065.234083
0 1.187864 1.215492 0.468034 2916.478964 1230.542124 1029.953431
0 1.114787 1.108513 56.337997 2275.674153 1211.785145 979.593738
0 1.165616 1.149637 135.990526 2801.646541 1222.428121 1037.117889
0 0.967774 1.170115 233.337696 3253.623063 1220.294249 1110.476167
0 0.254232 1.154495 81.060742 2704.944622 1224.025229 1017.655763
0 1.086057 1.148591 126.914460 2465.883697 1215.021313 1012.237321
0 1.115536 1.137385 102.227439 2566.589070 1221.838101 1018.571820
0 1.085109 1.088107 155.681977 2620.426148 1213.589708 1027.196033
0 1.090546 1.109704 9.380408 2115.897736 1203.568145 952.529819
0 1.138529 1.123602 131.677600 2497.170685 1213.410117 1012.661384
0 1.033581 1.099101 229.298263 2521.753637 1196.338907 1064.142023
0 1.086740 1.082316 9.098006 2112.487181 1202.543428 949.259131
0 1.124476 1.191600 70.963663 2334.836286 1212.738649 985.521815
0 1.119213 1.189812 223.248867 3368.180550 1224.831578 1104.241258
0 1.176466 1.076449 226.733546 2961.085264 1214.136164 1087.378977
0 1.165906 1.172083 29.066457 2699.282169 1227.564671 1013.283541
0 1.211560 1.190819 186.039204 3266.683970 1232.436361 1085.892140
0 0.327828 1.093953 73.772636 2162.991033 1206.660046 966.899423
0 1.131534 1.166315 90.603407 2409.181055 1218.072720 996.349783
0 1.186179 1.186179 82.127362 2871.457601 1231.889937 1034.115526
0 1.050871 1.052193 181.334722 2319.588657 1205.951199 1021.944844
0 0.995365 1.137159 188.797909 2696.866940 1218.170642 1052.374492
0 1.203012 1.170190 134.520857 3063.981468 1231.102217 1056.275912
0 1.111524 1.076364 143.924775 2224.747221 1208.688090 997.918009
0 1.145588 1.152522 58.216761 2474.799129 1223.943710 999.641030
0 1.137759 1.137759 137.110966 2502.518073 1215.634958 1011.219651
0 1.122018 1.122018 170.603239 2316.382720 1210.528552 1016.352733
0 1.156435 1.109864 196.615843 2577.882582 1218.323077 1054.054927
0 1.135275 1.136628 101.269994 2334.029867 1220.281736 1000.109493
0 1.176709 1.176709 184.618725 2812.410738 1225.909393 1060.848365
0 1.189914 0.396831 223.770632 2919.340227 1225.225577 1091.524732
0 1.199445 1.145265 156.601146 2970.893224 1233.956285 1062.627014
0 1.017155 1.013077 243.643351 2375.023274 1188.487427 1057.277851
0 1.097469 1.177331 200.399881 2841.198979 1222.799547 1065.848060
0 1.110449 1.102837 68.758557 2158.490391 1212.853013 970.122238
0 1.172697 1.127735 241.173061 2852.766136 1214.126947 1091.134534
0 1.190338 1.155763 238.435591 3055.979481 1221.611070 1098.402944
0 1.086393 1.083057 74.084446 2004.979881 1208.892040 953.589733
0 1.067139 1.043001 141.560570 1922.501792 1196.707741 958.911442
0 1.267161 1.157445 220.623146 2823.540766 1222.006974 1078.486265
0 1.159567 1.142811 132.536982 2499.839457 1224.592817 1022.299256
0 1.184659 1.156686 211.752927 2813.001171 1224.604410 1075.667508
0 1.086752 1.063802 181.515837 2030.008812 1198.499981 993.374678
0 0.297548 1.095136 90.869292 2062.966677 1213.015043 968.469072
0 1.072924 1.135203 166.713282 2434.958026 1215.692700 1018.195997
0 1.130682 1.101091 223.618178 2407.689181 1204.949170 1048.473554
0 1.148246 1.168368 41.849371 2438.513187 1225.189500 993.841854
0 1.225183 1.198861 243.936983 3475.542945 1231.902680 1120.535269
0 1.058533 1.022602 109.983785 1850.648418 1194.859640 936.968538
0 1.116088 1.154985 37.337817 2217.413889 1216.946629 968.525787
0 1.188883 1.154439 162.671662 2840.903666 1230.521843 1053.193064
0 0.904170 1.148359 242.560928 2963.809664 1219.478595 1094.218527
0 1.063684 1.098477 234.074127 2573.331229 1211.952290 1070.917709
0 1.133338 1.208214 67.254062 2491.455089 1227.044161 1002.598246
0 0.123192 1.118033 45.227118 2227.472269 1223.355322 977.387655
0 0.332535 0.389191 116.419113 2349.491168 1227.340732 1010.416340
0 1.196951 1.151693 167.709792 2860.549312 1236.115629 1061.875233
0 1.004483 1.035447 192.288176 1994.364613 1193.343485 988.489564
0 1.083461 1.142408 152.334172 2342.693066 1220.664393 1015.292275
0 1.089049 1.130367 142.509918 2442.803578 1221.991114 1012.739810
0 1.090734 1.098794 167.624607 2518.596159 1222.088956 1028.124811
0 0.669464 1.073275 193.375655 2077.940438 1206.094901 1008.149467
0 0.279098 1.103047 77.486581 2059.218175 1218.951815 969.310213
0 0.577774 1.096821 181.593530 2502.469441 1225.659049 1039.701474
0 1.130725 1.127612 137.073244 2230.745631 1219.522181 999.772726
0 1.167159 1.142447 215.401617 2689.624076 1222.676396 1063.018172
0 0.197804 1.196580 42.678193 2198.772688 1227.401937 983.352778
0 1.115565 1.116553 34.403414 2099.487699 1222.623473 967.441176
0 1.164730 1.096670 210.442751 2518.041912 1225.527488 1060.431073
0 1.126578 1.141185 31.875115 2262.305557 1229.599637 987.549619
0 1.154121 1.154452 6.343875 2418.584744 1232.820505 996.402907
0 0.900298 1.068576 130.703216 1866.388569 1200.976610 948.010162
0 0.699892 1.124583 214.316321 2259.611963 1209.642955 1032.498522
0 0.724146 1.113042 218.665264 2576.249334 1223.697676 1064.959477
0 0.653662 1.112209 244.358513 2857.345487 1226.026689 1095.731820
0 1.106256 1.144693 225.660871 2860.583011 1229.018305 1082.604106
0 1.198843 1.120755 259.052680 3070.889371 1226.892468 1111.837586
0 1.035323 1.085321 149.893220 1931.406275 1205.701402 968.246290
0 0.357879 1.071605 123.082493 1966.778962 1211.441389 964.912499
0 0.962775 1.164297 255.729520 2829.691719 1224.431494 1103.304085
0 0.155827 1.175293 35.508904 2332.659665 1232.460751 990.558095
0 1.027335 1.090412 179.682864 1941.625700 1207.446033 987.738559
0 1.081941 1.085659 181.747171 2362.327706 1225.883768 1029.613207
0 1.075103 1.067059 185.309513 1896.392769 1198.362349 976.341100
0 1.128124 1.140447 77.479427 2220.809888 1224.580682 978.439482
0 0.567026 1.119294 186.553818 2274.291976 1223.701088 1027.324582
0 1.118375 1.016659 260.442819 2217.233882 1196.633783 1061.818496
0 1.046973 1.046973 60.122371 1690.427494 1200.663672 908.220958
0 1.198536 1.112711 265.108009 2908.042969 1227.058883 1114.283995
0 0.670802 1.026062 209.913806 1868.194472 1191.452065 985.835259
0 0.622216 1.123492 190.888475 2310.074335 1222.173393 1028.625473
0 0.559405 1.237654 167.167843 2821.240009 1238.664821 1058.364683
0 1.186521 1.186521 2.075445 2620.916340 1239.116987 1014.595833
0 1.083384 1.117554 148.978727 2185.239015 1223.586356 1002.736257
0 1.162614 1.167995 15.664193 2410.823999 1237.357980 999.680821
0 1.190109 1.190109 18.737419 2627.528017 1242.660421 1020.228620
0 1.156166 1.130764 206.405911 2483.471149 1224.976882 1045.425582
0 1.161612 1.128911 191.986926 2436.452353 1227.858304 1041.333116
0 1.126822 1.038796 252.585199 2263.061633 1205.331111 1058.241163
0 1.120556 1.133179 176.974911 2604.852928 1237.290847 1050.618415
0 1.141165 1.133724 25.856218 2164.859312 1232.964030 983.253760
0 1.107618 0.990495 260.467522 2118.956146 1193.449601 1052.790503
0 1.124957 1.060361 245.269361 2206.466351 1206.923511 1050.504272
0 1.075106 1.149153 82.548124 2336.255593 1232.629292 997.361268
0 1.140329 1.140329 102.281919 2271.588254 1228.795456 991.406704
0 1.087405 0.471995 261.302228 2751.682193 1227.619206 1102.037525
0 1.087674 1.141128 188.712359 2400.975705 1230.462050 1038.034643
0 1.117034 1.030988 263.503923 2178.091627 1197.374547 1061.117934
0 1.089590 1.008426 227.656941 1951.602472 1197.726107 1011.615650
0 1.116702 1.152892 45.124127 2024.722265 1224.358087 962.422701
0 1.077019 1.072654 85.292108 1798.470765 1214.192156 939.391404
0 1.178183 1.154644 219.979344 2532.435995 1233.131905 1069.345478
0 1.222682 1.222682 226.462673 3088.047050 1243.343193 1100.669055
0 1.117110 1.034846 257.881458 2157.082629 1203.587330 1057.101577
0 1.044418 1.022035 75.652448 1653.897812 1204.092803 909.083256
0 1.111442 1.112952 84.640164 2031.300328 1225.209932 966.715309
0 1.164468 1.170867 1.410997 2366.694146 1239.209927 999.367296
0 1.110393 1.131787 84.572165 2062.119660 1222.277104 963.167684
0 1.103798 1.151116 229.697288 2784.580385 1233.781036 1080.310365
0 1.088621 1.116304 173.634029 2365.831855 1232.371224 1029.644737
0 1.037853 1.033812 263.272484 2278.999051 1207.599373 1070.453597
0 1.145313 1.178110 90.991962 2483.479643 1237.509157 1012.223084
0 1.093845 1.111058 9.461996 1860.704475 1222.328555 942.793335
0 1.153147 1.153147 244.137102 2349.055033 1222.709783 1068.153338
0 1.108826 1.100076 71.783346 2004.300521 1225.458694 961.513542
0 1.039730 1.072486 164.108162 1919.490101 1213.623730 977.807455
0 1.046019 1.062013 145.590931 1873.093475 1213.621393 964.684816
0 1.101688 1.129027 197.465884 2578.058036 1234.238856 1051.549571
0 0.751501 1.099874 234.315973 2160.649889 1217.699845 1045.228142
0 0.243690 1.096145 75.004938 1876.654867 1222.824029 952.404038
0 0.201053 1.129140 67.463216 2076.390997 1231.598102 976.303537
0 0.234227 1.095132 85.556089 1876.633173 1219.233982 949.628178
0 1.121332 1.084728 244.365756 2149.552895 1209.628726 1043.338656
0 1.138343 1.143289 94.978363 2130.279711 1230.590735 986.008708
0 1.073689 1.200888 85.845882 1752.298387 1215.226010 934.590362
0 1.097291 1.197314 268.674219 2879.611632 1233.924336 1113.128368
0 1.058585 1.081439 35.667448 1707.478396 1215.387258 920.277466
0 1.071616 1.101866 94.338009 1911.104953 1224.087137 959.199558
0 1.216953 1.152243 244.332948 2988.276635 1240.208715 1102.727803
0 0.532330 1.047274 185.030969 1890.159754 1214.040788 985.966494
0 1.072930 1.077000 181.885315 2189.456149 1228.980770 1017.100919
0 1.113804 1.186930 205.461436 2619.007905 1240.022521 1063.421398
0 1.113058 1.144592 113.818880 2274.514323 1237.739399 1003.173612
0 1.090910 1.090942 14.898444 1807.059727 1224.064021 937.939903
0 1.083067 1.152322 222.936564 2362.820091 1232.582158 1056.969503
0 1.092355 1.071646 187.472916 1868.454340 1211.917559 983.097937
0 1.138078 1.110368 172.721595 2128.222698 1231.215695 1012.279271
0 0.976986 1.065765 87.905215 1731.048239 1213.679267 926.355577
0 0.120655 1.130868 30.215100 1988.104209 1234.105652 967.028988
0 1.051293 1.058416 285.200843 2394.964302 1214.234030 1095.786300
0 1.142246 1.173614 158.731453 2599.324295 1243.237970 1042.464653
0 1.121192 1.119089 16.511947 1999.693411 1233.850417 961.242895
0 1.175109 1.119816 179.437067 2416.507827 1241.221309 1040.588700
0 1.067593 1.160567 255.314059 2372.723855 1226.107928 1072.435313
0 1.157609 1.140061 205.451440 2237.372787 1234.889438 1040.891567
0 1.002303 1.019582 127.444395 1546.688045 1203.567823 912.199722
0 1.082810 1.081363 188.616608 2139.623951 1232.222679 1021.014450
0 1.088324 1.119426 187.510944 2213.329044 1233.821757 1024.167807
0 1.117725 1.176472 262.322040 2844.981616 1242.493185 1109.864671
0 0.982518 1.022777 107.815515 1505.134007 1197.714339 889.608311
0 1.032303 1.006672 229.976025 1946.290032 1213.104435 1017.339907
0 1.023863 1.026193 208.675691 1908.563751 1214.380364 998.183649
0 1.059034 1.008824 266.444606 2292.870390 1220.076332 1073.363203
0 1.118941 1.181772 73.370569 2201.086104 1237.161146 985.277826
0 1.110967 1.060269 215.588313 1930.421400 1219.987018 1012.438261
0 1.113415 1.103743 128.800214 1902.269831 1229.564806 974.232033
0 1.093924 1.136569 55.465610 1810.469525 1224.984006 938.040486
0 1.080034 1.090725 31.783061 1795.921167 1224.779315 933.392947
0 1.095392 1.095392 153.527940 1838.527834 1220.497698 965.711722
0 1.168910 1.078677 244.532928 2428.922163 1232.605194 1067.726407
0 0.416102 1.054421 160.509922 1603.345959 1208.450722 937.729067
0 0.294127 1.104997 115.838671 1858.897862 1228.887949 962.502082
0 1.112027 1.106905 76.375058 1947.599115 1230.423686 955.320441
0 1.128579 1.119604 38.302938 1937.737403 1238.456935 965.628427
0 1.130103 1.132123 114.661789 1959.524991 1236.861981 980.876588
0 1.173617 1.082329 243.274545 2337.246671 1238.222624 1070.600085
0 1.106641 0.997814 276.917576 1929.605580 1204.626313 1053.811433
0 1.122735 1.122735 276.411711 2028.961789 1212.272366 1063.926209
0 0.720163 1.022523 229.442242 1686.889603 1205.057732 988.474196
0 0.751257 1.207307 235.227183 2679.527372 1247.736882 1086.548105
0 1.058519 1.161095 70.948305 1612.819002 1216.112088 908.157676
0 1.067252 1.088967 197.043209 1662.190536 1207.945613 961.869619
0 0.958327 1.033612 145.245324 1673.468393 1217.827484 942.739432
0 0.916678 1.130540 229.987468 2224.152040 1235.346604 1049.854614
0 1.190878 1.132816 209.880843 2526.961642 1244.314071 1058.338629
0 1.062152 1.104666 233.953594 2070.509600 1232.077383 1041.318574
0 1.064829 1.148134 243.376330 2144.774433 1232.617357 1051.697784
0 1.089070 1.144469 232.700135 2237.366008 1239.345970 1057.141719
0 1.059726 1.109528 158.498137 1886.845712 1230.552174 977.964068
0 1.068105 1.150271 217.074479 2122.376639 1234.717888 1031.465214
0 1.107900 1.220724 48.708698 1862.194771 1237.661793 957.557346
0 1.130342 1.161934 75.250292 2142.835912 1245.317484 990.632658
0 1.071493 1.133624 285.203102 2358.942203 1231.773391 1099.698566
0 1.082775 1.060338 111.096738 1694.786932 1223.277348 936.897626
0 1.040083 1.119895 102.166763 1486.142380 1212.864231 899.908142
0 1.090360 1.190484 286.326489 2536.956472 1238.664552 1110.891227
0 1.000609 1.043288 36.949915 1352.911346 1199.278101 848.597980
0 1.032843 1.032843 91.116617 1462.954169 1208.876350 887.565719
0 1.191127 1.115672 237.633528 2506.117350 1243.638304 1072.317609
0 1.082133 1.076143 58.342039 1676.754763 1228.830601 926.514424
0 1.122051 1.122051 184.848719 1950.853339 1233.318870 997.921597
0 1.166888 1.139028 142.135833 2259.668101 1244.112520 1011.828383
0 1.149988 1.115159 222.296035 2105.410491 1234.843850 1035.302108
0 1.161764 1.044234 254.381077 2309.685167 1234.724865 1063.580582
0 1.181140 1.181140 168.243134 2347.578151 1246.254102 1031.130752
0 1.086316 1.086316 135.662176 1703.001220 1226.972726 948.799637
0 1.147808 1.110276 265.102413 2113.178411 1230.385656 1065.160582
0 1.093290 1.124765 84.925830 1726.277147 1231.746427 940.188065
0 1.044883 0.963689 223.768526 1536.151633 1199.714415 959.420492
0 1.100955 1.002698 227.610226 1811.361742 1221.583455 1005.196683
0 0.616424 1.093050 212.294720 1879.270744 1226.651848 1004.367329
0 0.957201 1.074908 288.528873 2492.750464 1236.672245 1107.429389
0 1.057232 1.087235 289.333500 2209.552806 1224.451524 1087.027295
0 1.083708 1.102497 166.872292 2042.394919 1237.414625 998.710053
0 1.112152 1.163292 227.575940 2465.077540 1244.709055 1062.759413
0 1.109298 1.109298 98.036005 1799.357374 1233.320414 953.358494
0 1.058198 1.016950 231.233648 1589.755457 1201.702091 972.057882
0 1.115475 0.519785 269.488598 1941.705060 1215.545938 1043.686090
0 0.984610 1.054712 283.098327 2067.987635 1222.881847 1073.890950
0 1.025982 1.066559 206.809936 1779.564943 1224.755847 990.187259
0 1.059038 1.003862 267.093324 2101.884153 1229.866755 1063.313819
0 1.023537 1.008519 116.619756 1410.377182 1205.607068 884.728460
0 1.055604 1.022426 229.994520 1574.905856 1204.165215 970.947467
0 1.145725 0.386232 184.945358 2094.742834 1241.300758 1014.058065
0 1.072790 1.125654 269.614679 2236.491958 1236.255790 1077.391039
0 1.069437 1.079869 38.259627 1597.598245 1227.146921 911.470863
0 0.986366 1.027230 176.729411 1497.469967 1210.122324 931.302963
0 1.058633 1.097269 195.384331 1862.595692 1233.187009 999.628664
0 1.075192 1.166161 277.705944 2241.852887 1235.293076 1085.513894
0 1.075420 1.143336 203.961796 2098.376738 1237.126232 1018.256546
0 1.118189 1.148227 295.954638 2847.843087 1245.779486 1126.928378
0 0.981948 0.975076 282.473756 1712.441429 1195.811799 1026.309783
0 1.078395 1.039575 279.217517 1695.610134 1197.735426 1023.987956
0 1.175097 1.145385 287.088357 2353.514634 1235.179241 1094.736221
0 1.119164 1.119025 57.059436 1874.680308 1238.540279 952.089866
0 1.024151 1.197780 119.226822 1516.160448 1220.996870 915.301623
0 1.054201 1.185203 131.627623 1521.262286 1216.886923 915.107902
0 1.053685 1.105168 65.424640 1617.580316 1227.716094 918.508015
0 1.104880 1.104880 47.575260 1726.870510 1238.371173 941.214131
0 1.145758 1.106891 210.690083 2060.905486 1240.893009 1024.992502
0 1.107070 1.145587 24.563108 1785.126055 1237.300512 940.972243
0 1.115944 1.109267 101.499596 1860.935681 1239.862144 960.021387
0 0.629790 0.983065 234.121629 1625.101499 1214.564305 986.652607
0 0.275915 1.119263 87.279144 1662.877725 1233.414361 933.382039
0 0.589889 1.110950 214.179867 2225.809233 1247.179147 1043.965667
0 1.035731 1.042245 280.262900 1936.309142 1220.166222 1054.585595
0 0.071828 1.101813 8.348025 1761.543973 1238.513870 934.213991
0 0.542207 1.102899 192.817672 1955.712116 1239.829284 1005.372033
0 0.890704 1.073687 284.633382 2149.783994 1233.316629 1080.856435
0 1.085726 1.075255 112.082572 1687.466571 1229.770153 933.969360
0 1.165107 1.076757 265.632911 2271.652158 1238.520463 1068.695578
0 1.152407 1.123238 220.322079 2082.518925 1243.543465 1033.061917
0 1.049209 1.057668 157.300149 1777.229728 1235.074604 964.881129
0 1.141902 1.091555 209.463079 2006.072230 1241.869900 1019.509409
0 1.175617 1.142481 233.128109 2255.278192 1248.187441 1056.357804
0 1.035498 0.971568 183.028594 1426.964414 1207.125440 918.764657
0 1.159291 1.151380 145.346734 2101.397304 1247.029632 1002.437237
0 1.083432 1.177112 283.797661 2347.322970 1240.150568 1088.978696
0 1.067778 1.076990 264.049388 2137.690467 1235.669381 1055.977423
0 1.091912 1.114085 110.221741 1924.342784 1242.469089 968.761149
0 1.113709 1.124743 130.470463 1764.732201 1237.794412 961.230309
0 1.225819 1.197911 292.856073 2807.993885 1254.559549 1126.722947
0 1.040196 1.051038 178.058908 1674.822502 1234.016693 969.140113
0 1.105761 1.091144 301.054781 2582.277825 1248.078901 1119.573385
0 1.052973 1.130638 230.413427 1866.448314 1238.178408 1021.101496
0 1.064685 1.208045 228.993357 1937.843717 1239.319349 1022.119118
0 1.175988 1.133733 287.862087 2240.966525 1240.712815 1089.259678
0 1.169724 1.147866 197.961119 2189.687236 1248.659211 1029.093649
0 1.051983 1.189743 55.500103 1499.064504 1231.359634 904.114706
0 1.063684 1.107664 233.355527 1976.740911 1240.258153 1026.684841
0 1.072413 1.084076 175.705772 1846.189482 1243.200767 991.380248
0 1.052318 1.109883 98.221290 1448.420309 1225.791296 901.047268
0 1.118851 1.076226 229.687837 1814.358430 1235.178303 1011.538560
0 1.166461 1.100162 277.311561 2133.980351 1242.378287 1077.364509
0 0.555066 1.025124 309.463827 1785.617061 1208.314047 1067.974632
0 1.114436 1.147697 57.454672 1799.310779 1242.275382 943.352709
0 0.998198 0.994052 27.553371 1248.800275 1207.970707 836.088566
0 0.325778 0.982036 96.097417 1202.000408 1201.596986 835.616794
0 1.075921 1.069347 311.876943 2405.173376 1244.682077 1123.537813
0 0.674387 1.125467 236.476984 2010.859603 1243.867081 1035.261103
0 0.360947 1.148137 138.367192 2027.535035 1252.338901 998.950628
0 0.201556 1.058616 58.367800 1467.671754 1226.508929 890.698922
0 0.853661 1.058583 294.042628 2141.764750 1236.157403 1083.447423
0 1.018029 1.073189 43.017694 1361.291011 1223.420982 873.113839
0 1.025034 0.479587 168.526267 1522.156437 1228.319291 940.252633
0 1.103912 1.096858 96.121431 1708.900417 1242.151927 943.580710
0 1.139735 1.103808 278.555640 1987.501501 1236.063832 1058.335980
0 1.134273 1.124046 80.430002 1890.128297 1247.662479 961.974163
0 1.169404 1.038916 276.142150 2177.132696 1246.448379 1075.209165
0 1.144583 1.064630 292.409764 2004.128099 1232.648987 1069.670543
0 1.083953 1.083953 70.705062 1627.806352 1236.085985 917.701261
0 1.190868 1.077425 316.356590 2379.176871 1244.575643 1123.393284
0 0.515859 1.043539 178.770237 1638.900600 1236.648997 963.545699
0 0.944259 0.928623 215.581603 1304.957353 1197.856100 910.958835
0 0.958860 1.006611 257.976798 1399.475238 1199.874636 962.992837
0 0.990021 0.979378 202.921257 1427.615953 1216.558303 934.535853
0 1.018190 0.981533 232.358176 1325.559281 1197.826802 926.770100
0 1.075943 1.063304 141.122052 1526.456303 1231.779942 928.351819
0 1.143482 1.088126 260.992033 1982.121748 1239.924619 1042.728938
0 0.785077 1.109593 264.538852 1914.921004 1241.420297 1046.108380
0 0.899479 1.123823 302.015470 2125.783308 1242.957125 1094.778010
0 1.095692 1.072881 146.358779 1626.955799 1237.850037 946.100208
0 0.801182 0.983751 238.863733 1564.672849 1223.820958 980.802909
0 0.901333 1.008589 307.732348 2131.223306 1239.567597 1095.430812
0 0.973772 1.029481 283.622650 2008.485741 1238.238492 1060.426241
0 0.672720 1.105745 255.845390 1894.671008 1240.116079 1034.356576
0 0.995229 0.974440 324.587876 1718.938090 1202.546407 1072.891647
0 0.994156 1.045474 321.586054 1687.354603 1204.695300 1068.205426
0 1.088151 0.998439 303.499982 1625.004867 1209.135491 1037.684832
0 0.959218 1.020780 25.691337 1098.332102 1202.654146 798.575719
0 1.069264 1.134110 65.199596 1544.415233 1243.818243 921.613745
0 1.110392 1.060962 333.785474 1761.191680 1204.633409 1090.242423
0 1.081551 1.047786 268.708529 1547.835850 1221.602359 1003.173298
0 1.096305 1.072161 176.878201 1599.264827 1240.710271 959.280056
0 0.986715 1.082841 133.244528 1285.008958 1217.799623 875.280619
0 1.080252 1.171983 53.050216 1624.200935 1243.478893 922.200238
0 0.405730 1.090655 153.268085 1667.410537 1244.533725 960.608357
0 1.030754 1.051941 79.660760 1386.690936 1231.186516 886.542757
0 1.032510 1.038474 234.677910 1688.147655 1234.991416 991.872866
0 1.097957 1.106093 315.124257 2398.432103 1250.126137 1115.704868
0 1.142915 1.163085 2.486269 1850.115015 1253.943788 957.032347
0 0.227880 0.962520 75.844827 1085.177232 1198.767346 798.286470
0 0.260175 1.138188 79.936371 1859.462393 1253.324036 962.309685
0 0.791935 1.055138 292.228074 1609.333638 1220.358400 1023.837236
0 0.796789 1.061005 278.313848 1597.302874 1225.410035 1014.192622
0 0.494288 1.151787 175.414380 1914.799152 1253.757044 997.887454
0 0.459189 0.931010 167.888043 1131.948148 1198.805328 846.073857
0 1.048794 0.998972 292.253316 1733.014114 1230.110668 1040.570933
0 0.689018 1.001064 272.514062 1694.885956 1233.050865 1021.395389
0 0.312550 1.296303 18.014582 1507.021912 1242.339697 904.420442
0 1.017321 1.043322 206.937720 1492.037450 1235.567974 958.624871
0 1.053030 1.069762 96.870609 1470.580830 1241.970023 912.372017
0 0.914331 1.124793 302.752133 2025.757478 1242.888562 1076.690979
0 0.954967 0.999137 283.936889 1354.345451 1205.622491 982.608378
0 1.068624 1.093171 167.973229 1667.510898 1248.833565 965.131710
0 0.985008 0.959250 163.000472 1147.636515 1204.084081 849.660297
0 1.140269 1.070633 226.009901 1873.420891 1249.242398 1011.891092
0 1.139279 1.113835 175.266760 1847.070196 1252.187713 987.075269
0 1.068348 1.158240 301.369335 1960.117861 1244.595000 1075.388126
0 1.069182 0.991672 247.930836 1438.608194 1226.919940 972.733277
0 1.100051 1.093589 77.262510 1545.035722 1249.940170 928.112828
0 1.129346 1.025761 255.391751 1730.923487 1246.163327 1023.498332
0 1.159156 1.124444 328.539082 1998.426849 1238.228843 1101.224626
0 1.055982 1.034449 209.562020 1387.178196 1228.889425 937.603254
0 0.970890 1.053711 315.927981 1925.369315 1236.025619 1075.212592
0 0.972296 1.132178 315.207806 2054.056941 1246.593560 1094.630615
0 0.617911 1.107299 244.291155 1780.382809 1244.871903 1009.972470
0 0.302803 1.109007 103.016000 1783.047933 1255.266955 961.206994
0 1.107049 0.961019 344.348729 1689.524022 1208.680537 1089.326692
0 1.070848 1.074335 37.682441 1459.634080 1244.892339 895.319565
0 1.021227 1.018000 24.520494 1216.474980 1231.099702 847.689122
0 1.091190 1.142027 186.989353 1812.977914 1254.704108 991.471283
0 1.097878 1.085257 283.288556 2113.205649 1255.984444 1072.358104
0 0.898452 0.955053 157.039650 1095.804105 1209.267635 840.436551
0 0.990658 0.980672 271.886388 1440.102780 1227.938001 990.788151
0 1.023595 0.937777 262.096534 1245.903160 1209.053682 941.754536
0 1.114268 1.080765 221.902859 1649.478675 1249.281363 988.314655
0 1.222159 1.156639 327.980609 2528.400673 1263.808777 1134.963195
0 1.007708 1.105882 336.521674 1642.540630 1218.610283 1073.646459
0 0.926376 1.095878 290.718224 1994.693205 1255.265023 1068.234887
0 0.926490 1.002718 299.134399 1833.695798 1246.004331 1056.883772
0 1.213038 1.181090 331.439724 2410.736307 1261.801390 1132.215837
0 1.038543 1.061819 159.784888 1451.988525 1243.485972 927.835180
0 1.051565 1.093321 227.662891 1631.344553 1248.840062 991.988905
0 1.075019 1.136317 341.175928 2156.591881 1246.888003 1117.250896
0 1.041066 1.111905 256.737874 1579.774119 1246.567757 1005.199987
0 1.050081 1.027424 272.702871 1729.627125 1248.991566 1026.680307
0 0.929069 1.046706 267.567295 1703.401648 1245.277027 1015.444602
0 1.046052 1.084100 18.429431 1319.711822 1239.810113 864.463597
0 1.088595 1.113354 52.729528 1490.984011 1250.458234 906.225877
0 1.035722 0.969702 247.890127 1275.931086 1218.984511 935.431273
0 1.088398 0.509504 208.726484 1508.513915 1243.216223 955.231585
0 1.106630 0.520509 281.189036 1637.500245 1239.560355 1015.249131
0 0.975852 1.174864 2.334670 1046.650332 1216.791318 793.673591
0 1.109827 1.143440 84.217590 1695.090950 1259.032552 945.835171
0 1.004834 0.992925 109.133938 1142.888417 1227.422234 842.229758
0 1.112454 1.041125 255.192188 1585.875305 1248.465453 1003.094158
0 1.090555 1.062380 281.758137 1993.254272 1262.515821 1065.640009
0 1.043300 1.001240 309.888109 1787.209153 1245.129852 1058.157214
0 1.039728 1.086759 51.093202 1277.796962 1245.244690 873.022671
0 0.966884 1.123667 295.865695 1922.804463 1258.692840 1067.451104
0 0.206430 0.460019 24.832964 1154.777369 1235.584549 836.849122
0 0.486819 1.100832 194.552804 1652.421480 1258.862774 979.602520
0 1.034336 1.083113 319.470249 1691.359507 1240.289448 1058.510888
0 1.085266 1.073422 130.699521 1433.429979 1249.807744 917.849230
0 1.155311 1.045035 317.662748 1834.600547 1253.832014 1077.737084
0 1.013025 1.122939 169.446329 1296.460378 1239.724186 904.846355
0 0.917466 0.947312 141.105676 990.581203 1207.636250 804.565967
0 1.015574 0.990122 338.411588 1616.596546 1228.286614 1066.485799
0 1.056095 1.083054 344.486893 1906.487142 1248.244129 1104.029907
0 0.548755 0.974615 194.452052 1106.594902 1222.006425 872.183638
0 1.080654 1.080654 2.508589 1418.259447 1252.880689 891.914500
0 1.165384 1.109003 263.787129 1894.469224 1264.839723 1043.619936
0 1.027237 1.039107 51.402609 1192.333299 1238.814789 844.621944
0 1.066475 1.062946 105.458135 1372.807967 1248.365898 891.583138
0 1.027131 1.052294 219.714888 1456.079894 1246.032895 951.552710
0 1.125097 1.082739 327.486764 1652.798950 1241.722312 1060.602612
0 0.144070 0.960612 63.466408 986.668826 1216.402653 780.299179
0 1.068502 1.067406 344.849827 1912.019336 1255.669063 1107.628036
0 1.165492 1.053003 358.141505 1878.695000 1250.429516 1119.409270
0 0.998568 0.990562 117.207236 1068.952658 1231.267241 832.107421
0 1.093157 1.043470 254.148521 1436.188771 1249.265877 980.560688
0 1.177457 1.130835 352.052306 1948.237029 1257.039035 1119.281751
0 1.131441 0.981589 334.344971 1656.192034 1246.998244 1071.314865
0 1.118836 1.027190 313.245870 1624.027853 1248.455401 1043.214278
0 1.107166 1.107166 335.344132 1522.636611 1234.750179 1052.953756
0 1.131203 1.113152 166.122806 1646.064787 1263.342118 964.182226
0 0.815408 1.036939 244.098524 1489.237458 1252.870131 980.130635
0 0.776279 1.097594 310.503411 1679.186578 1254.191757 1053.012796
0 1.036814 1.129757 54.390901 1278.128540 1252.631070 871.005307
0 0.933712 0.983927 99.562021 899.834714 1206.827626 758.172424
0 1.085222 1.022220 233.804435 1393.753113 1248.623753 957.219920
0 1.010916 0.994836 260.705485 1407.481300 1250.377940 977.289643
0 1.002631 0.916390 353.547514 1503.421876 1228.082777 1068.286965
0 1.053453 0.404745 109.275302 1361.622611 1254.950230 897.364107
0 1.035046 1.044407 110.572793 1257.882793 1252.759538 883.417255
0 1.165908 1.126702 351.451643 1893.065551 1260.398308 1109.652263
0 1.086547 0.423996 122.717997 1379.093202 1262.505794 914.992013
0 1.159902 1.072935 244.202699 1756.070462 1272.356400 1025.784431
0 1.090308 1.144191 327.330354 2004.899910 1264.667044 1091.737001
0 1.059640 1.063946 15.358779 1259.861240 1256.717398 874.142173
0 1.071581 1.053938 293.721438 1759.921937 1263.962847 1047.360300
0 0.598905 0.988272 240.106536 1337.903632 1257.304078 968.083548
0 0.572067 1.043712 230.856205 1447.085900 1262.131702 973.040987
0 1.049900 1.043219 255.351309 1496.982593 1265.185024 1003.023020
0 0.142704 0.974021 47.297766 907.729875 1221.832272 763.356124
0 1.061321 1.106810 368.963980 2103.222227 1265.618516 1145.144296
0 1.017280 0.984990 264.812226 1106.508530 1223.752252 920.751725
0 1.025634 0.970981 238.058884 1131.761813 1232.451683 909.542759
0 1.085127 1.085127 290.253707 1376.329000 1245.143284 995.184428
0 1.008727 0.998244 283.603910 1339.894837 1251.855016 996.184089
0 1.002611 1.061778 80.039208 1166.433494 1252.148484 858.428826
0 1.000719 0.947647 188.490768 1044.481273 1235.169224 863.486714
0 1.080182 1.093452 198.989022 1300.386624 1260.400318 939.843144
0 1.131141 1.131141 300.379540 1565.399685 1263.629451 1042.189469
0 1.077011 1.011815 207.395500 1303.744305 1258.856771 941.244327
0 1.116880 1.049708 285.977394 1489.878412 1261.583086 1021.002553
0 1.125089 1.099955 268.207090 1488.933983 1267.942617 1013.158969
0 0.970547 0.917083 350.355190 1253.776198 1222.639275 1038.462438
0 0.863302 0.998947 353.241366 1418.028009 1237.444096 1063.693422
0 1.011178 1.093514 205.091048 1493.749325 1268.913207 969.371184
0 0.996452 0.996452 248.518491 1013.490414 1224.458283 889.713330
0 1.113345 1.086995 280.912979 1488.853206 1261.687039 1009.194232
0 1.072020 1.027492 231.431281 1291.215040 1257.826152 947.160460
0 1.195705 1.103724 350.085411 2027.826176 1276.220748 1123.386260
0 1.036509 1.074505 275.831591 1497.660515 1262.831688 1004.861870
0 1.090397 1.092503 188.670769 1621.063154 1275.440949 981.862258
0 0.532754 0.987093 181.903992 1059.925814 1244.593863 868.265452
0 0.938485 1.037237 358.623310 1853.122281 1268.567953 1115.388025
0 0.475180 1.045100 192.554680 1257.389294 1259.628219 917.582930
0 0.940420 0.934915 40.351006 859.799924 1224.028146 751.227805
0 1.044981 1.044981 349.323397 1157.671427 1217.081358 1018.292873
0 1.077061 0.935804 316.139954 1271.640995 1246.456483 1009.286775
0 1.068866 1.133512 325.228563 1735.927889 1270.268049 1073.868755
0 0.994662 1.171126 286.059412 1774.648854 1277.228297 1052.837109
0 0.933552 0.934851 271.404007 1033.030103 1227.225415 910.154021
0 1.040999 0.953417 268.271803 1134.362619 1242.548930 938.470836
0 1.141974 1.094148 260.255179 1594.978873 1273.852517 1014.686124
0 1.002505 1.020178 77.628788 1061.210993 1255.936825 837.447793
0 1.036615 1.052784 38.979722 1122.267854 1263.435400 854.958315
0 1.088897 1.206981 231.860385 1610.007155 1280.280917 1007.505460
0 1.037556 1.086880 321.545121 1500.405711 1262.942549 1044.909613
0 1.067253 1.113785 171.333949 1453.267725 1273.431674 948.207406
0 1.166367 0.968559 374.674553 1809.000679 1265.957136 1125.865574
0 0.263416 1.060739 55.489583 890.561044 1234.287269 769.875686
0 0.971260 0.849783 372.732768 1255.204329 1218.897727 1058.457543
0 1.051811 1.062203 291.423625 1565.844208 1270.632578 1026.715208
0 0.790331 1.150651 302.132835 1653.200793 1274.405865 1045.957551
0 1.020366 0.999655 166.181426 1047.423073 1250.884797 860.111762
0 0.792049 1.031460 282.246818 1567.465575 1276.861242 1026.227260
0 0.695820 1.042624 289.476710 1259.058735 1256.232339 980.007452
0 0.568053 1.111391 384.875488 1726.221678 1259.728800 1125.566295
0 0.957553 0.928523 305.881469 1116.007034 1242.050845 965.526833
0 1.067249 1.007635 354.485203 1713.651477 1274.866384 1098.612462
0 1.019499 1.075434 146.823101 1376.163280 1275.645444 927.167152
0 1.050356 0.891766 361.927248 1159.745770 1222.595245 1023.897516
0 1.030076 0.902621 310.375027 1063.231642 1235.598536 955.063182
0 1.137525 1.086174 272.698391 1524.078128 1277.262211 1013.095785
0 1.090087 1.131521 330.326222 1750.838744 1280.085187 1079.674461
0 0.918876 1.212134 221.210286 1382.221072 1277.909119 966.197598
0 0.352502 0.972694 92.369501 908.221965 1244.651596 789.830071
0 1.067393 1.013107 372.485959 1529.113578 1257.095205 1086.858669
0 0.599184 1.034396 226.571483 1188.422919 1263.277609 926.877848
0 0.827536 1.026503 308.525885 1530.490080 1273.276619 1034.020808
0 1.061760 1.049987 153.810018 1180.737126 1270.079151 892.664010
0 1.186682 1.145401 355.376817 1848.429055 1282.927796 1110.492214
0 0.820041 0.984606 283.666320 935.193836 1223.543560 893.224337
0 0.825180 0.989571 283.176274 938.029071 1225.808634 897.217551
0 0.931836 1.059008 258.800742 1236.579954 1265.052512 959.607819
0 0.993009 1.055794 147.210342 1177.319316 1269.348522 893.622206
0 1.053247 1.081315 181.096161 1320.725562 1274.473222 931.649881
0 0.916725 1.029815 23.902550 765.439047 1225.519756 716.221491
0 0.992367 1.062803 273.634810 1175.661213 1257.810444 952.295274
0 0.937961 1.029999 13.205211 816.440023 1233.757443 736.358578
0 1.109309 1.109309 315.341573 1364.043684 1266.476615 1019.675240
0 1.081505 1.102461 7.743648 1264.430967 1275.921608 880.492886
0 1.187663 1.146871 335.632087 1843.094656 1283.573764 1090.996908
0 0.953409 0.983877 183.301382 968.595943 1247.797137 842.397437
0 1.071018 1.032176 291.943795 1225.204395 1258.764520 971.202875
0 1.062860 1.042974 156.318864 1163.133123 1268.993683 890.634327
0 1.061270 1.088012 159.630305 1191.917045 1268.484335 890.397294
0 1.050834 1.025877 135.638339 1142.025316 1266.988462 872.191241
0 1.156868 1.025433 386.507928 1691.687603 1266.254177 1119.181879
0 1.132625 1.058561 247.312376 1476.081269 1279.906844 992.395343
0 0.907965 1.078993 303.732287 1218.221267 1262.419551 988.234788
0 0.939539 1.067340 282.234603 1280.109729 1270.951708 986.082703
0 1.044215 1.101866 161.498467 1403.427259 1284.210403 945.110911
0 0.989935 0.957072 184.602272 927.667170 1245.195809 833.027481
0 0.349016 0.965510 49.112400 867.135233 1243.798439 763.594666
0 0.960518 1.107414 388.783251 1373.133954 1243.810973 1089.415557
0 1.021449 0.936344 349.896763 1345.667419 1264.373045 1052.076569
0 1.019598 0.581670 368.829495 1452.990781 1259.428686 1072.156802
0 1.032384 1.048406 20.762371 1092.509300 1267.615879 837.583728
0 0.983278 1.275310 127.071083 1087.072281 1265.513743 854.953467
0 0.863184 1.088921 247.677036 1451.336961 1280.421832 986.352416
0 0.698193 1.002642 322.957909 1312.792665 1269.414484 1021.563520
0 1.022619 0.863128 413.790939 1482.260363 1236.739773 1139.485243
0 0.967968 0.882079 350.758889 1135.157595 1241.546773 1009.211438
0 1.013411 1.174043 139.292825 1091.523385 1267.754892 866.509064
0 1.028436 1.009215 331.868680 1363.630414 1268.229661 1032.735619
0 1.025113 1.018718 233.914145 1258.642244 1271.627437 941.213531
0 1.101037 1.154830 91.583600 1399.676210 1285.118286 925.807026
0 1.013652 1.032221 106.677999 1046.668432 1265.682181 843.407538
0 0.757953 0.902035 242.310860 759.988115 1217.287069 807.924758
0 0.567361 1.011490 213.241106 1062.769702 1263.214568 890.362005
0 0.348318 0.981271 170.897880 1035.215459 1264.978742 866.104246
0 1.016407 0.976268 376.785035 1373.738205 1260.428686 1074.335031
0 1.010188 0.974015 263.690482 1241.501866 1270.990182 955.338436
0 0.443950 0.935670 130.567475 702.414173 1219.633752 714.692909
0 0.860234 0.886600 383.579576 1174.353607 1236.739031 1051.587274
1 0.802182 0.954536 369.444499 1155.192850 1242.246438 1032.075432
0 1.021104 0.542199 373.996933 1515.866651 1273.822437 1088.871364
0 1.109738 1.173669 394.983939 2027.839545 1287.245850 1153.376753
0 0.909230 0.998065 371.592756 1385.141979 1268.031327 1075.094047
0 1.044639 1.096317 411.525162 1551.118718 1261.104865 1140.632343
0 0.996325 1.005185 329.696703 1225.469914 1265.403001 1006.198028
0 1.050657 1.097380 394.776720 1532.659281 1272.359079 1119.915149
0 1.019937 1.023068 283.366054 1227.519214 1273.776546 972.919124
0 1.098616 1.036690 404.460951 1947.832772 1286.350649 1160.835828
0 1.079130 1.094315 105.905348 1306.376050 1288.346422 915.893668
0 0.867609 0.864193 36.614971 636.308406 1212.286172 654.791014
0 1.053640 0.633287 416.622896 1595.429939 1264.026563 1153.381138
0 0.813085 0.977221 241.421243 933.280169 1250.171391 867.662916
0 0.811213 0.982959 264.291509 1109.184376 1265.054906 928.458416
0 0.856983 1.041585 281.455779 1526.765913 1288.172403 1021.683161
0 0.431267 0.937289 126.531851 681.951513 1224.276968 709.960312
1 0.764722 0.951022 372.735980 1128.171653 1247.171095 1034.200712
0 1.350509 1.033932 403.488237 1623.940663 1274.894421 1132.833093
0 1.125931 1.080764 165.537485 1380.716047 1291.132871 946.327047
0 1.164217 1.086544 297.763870 1588.556701 1292.058498 1042.164800
0 0.958190 0.868228 369.252168 1061.636087 1237.227131 1011.596989
0 0.683476 0.890408 167.198935 716.464953 1225.748589 741.079651
0 1.115419 1.029779 343.401884 1301.530188 1275.715596 1039.210820
0 1.081416 1.115484 131.540709 1199.475533 1284.467899 894.585746
0 1.072056 1.058910 396.386608 1664.010375 1281.664495 1128.702437
0 0.054886 1.131484 0.545824 926.984975 1266.515490 791.674530
0 1.123925 1.123925 380.850240 1369.953441 1268.892569 1076.460847
0 1.125046 1.093360 215.435603 1364.434846 1288.297108 961.475956
0 1.001983 1.078960 135.278509 993.909730 1274.166316 849.059549
0 1.021476 1.029542 50.131410 1010.784365 1275.505943 826.082932
0 1.042203 1.079486 359.058549 1654.289279 1288.501676 1090.110664
0 1.145628 0.972426 404.499846 1529.149762 1271.208995 1115.394020
0 1.063160 0.975138 341.530394 1083.643907 1260.945573 994.210410
0 1.102095 1.059488 401.292047 1852.766097 1291.923535 1147.369767
0 0.903391 0.906973 213.138331 767.799117 1242.313603 798.643468
0 0.987604 0.931386 323.178404 1092.606157 1267.604820 978.090172
0 1.025175 1.111765 357.516550 1301.235473 1276.842979 1043.940413
0 0.933077 0.970998 407.906736 986.974615 1216.200345 1045.073671
0 0.870220 0.820138 297.114590 749.258555 1223.867036 851.942150
0 1.019719 1.061626 394.717061 1322.149465 1268.334188 1082.822319
0 0.894386 0.969382 379.238304 1360.477200 1276.163873 1070.488157
0 0.908793 1.102186 390.926309 1425.580995 1279.907547 1097.421785
0 0.490931 0.929442 169.907696 698.815723 1236.905187 743.671681
0 0.785373 0.954147 353.291230 903.568243 1237.261444 958.582783
0 1.154956 1.100902 307.903329 1502.200572 1292.861673 1032.974468
0 0.816885 1.102403 369.095598 1211.067802 1272.755677 1045.386823
0 0.436928 0.992343 199.625302 915.083171 1269.566805 851.576114
0 0.836729 1.090352 438.803511 1206.698801 1216.094518 1126.702922
0 1.057869 1.105738 151.072269 1296.946257 1293.421183 923.569842
0 0.906310 0.921585 320.592823 813.186546 1236.851830 898.272658
0 1.005066 1.027714 198.321790 1036.889346 1280.126293 878.885119
0 0.959770 1.065409 327.422368 1422.809004 1293.596884 1038.445596
0 0.826950 0.842924 74.176849 554.975131 1210.458804 620.065180
0 0.910443 1.052351 249.036514 1025.541958 1278.592608 911.358203
0 1.052504 1.063588 315.604380 1343.877509 1290.422084 1015.663094
0 1.095446 1.193343 397.296315 1738.176893 1294.983332 1126.996892
0 0.853117 0.844520 132.986224 615.178863 1223.998724 675.051379
0 0.893231 1.044208 288.682035 1015.882535 1272.419636 929.699638
0 0.899591 1.008464 339.012059 1190.169492 1277.625979 1000.919172
0 0.915713 0.990478 280.960954 671.850190 1218.629296 801.431259
0 0.987496 1.030459 47.634575 861.972671 1269.775197 771.738015
0 0.976235 1.072582 405.963776 1087.699618 1252.476799 1056.951136
0 0.985668 1.047188 248.570411 996.590425 1279.722967 903.843421
0 0.881486 0.959416 153.798254 612.570486 1227.837487 688.908750
0 0.972993 0.968896 254.935271 962.270641 1276.875725 897.507839
0 0.966324 1.029123 259.148420 955.459863 1274.571697 892.487905
0 1.054595 0.971395 282.750456 1043.881019 1279.895739 930.514790
0 0.228725 0.882048 89.556018 575.704345 1222.765289 638.123590
0 0.775075 0.910377 357.778685 1010.022466 1262.193470 984.150013
0 1.022181 1.032371 423.933651 1428.709348 1277.021978 1122.028804
0 0.248283 1.058850 134.544152 1062.777098 1288.851402 864.302198
0 1.074999 1.049433 418.295154 1582.347830 1292.774048 1136.654471
0 0.714983 0.836422 273.934304 639.375644 1219.964560 782.147135
0 0.982775 1.011092 345.601225 1027.366889 1272.734711 985.311425
0 0.893828 0.949140 233.828443 865.414521 1266.373822 847.469191
0 0.986518 1.024056 113.269234 937.196709 1280.210736 816.685312
0 1.030883 1.000667 449.060671 1382.414776 1255.132014 1158.708002
0 1.023532 1.003759 389.543383 1228.414896 1277.986323 1062.296683
0 0.996833 1.029313 167.096785 959.233936 1280.171427 842.476388
0 0.614982 1.024996 316.917041 1051.827969 1276.640591 960.609737
0 1.194549 0.975319 449.190813 1477.646424 1270.793447 1169.066482
0 0.987404 0.609728 386.147428 1079.962861 1269.823879 1035.107820
0 0.434450 0.993134 191.013422 931.536850 1278.689706 844.241419
0 1.079478 1.061896 429.997754 1634.476176 1291.966213 1149.183842
0 0.734633 1.057720 326.109831 1319.376514 1297.768099 1021.435556
0 1.285319 1.071952 439.680101 1328.028273 1267.274966 1131.258246
0 0.446264 1.015322 215.317226 908.972195 1275.490138 848.573635
0 0.903132 0.940225 41.104003 656.574932 1249.014116 681.206196
0 0.669672 0.892636 435.407892 964.714712 1222.513596 1071.883390
0 0.752725 0.894375 421.092809 1176.353088 1267.325691 1088.783050
0 0.964280 1.083918 423.966469 1365.457094 1282.316462 1116.161882
0 0.263978 1.126897 38.008216 736.852474 1269.300575 734.579077
0 0.332903 0.958644 98.511397 771.723387 1271.693082 758.445085
0 0.871592 0.907461 395.809180 749.862406 1208.154828 952.449894
0 1.034925 1.082903 458.441768 1377.132678 1256.062319 1168.893659
0 0.965664 1.001071 356.170934 981.850791 1267.754815 975.699389
0 1.007029 1.010492 27.422461 862.650250 1282.553820 786.408029
0 0.963753 0.841145 441.731299 1026.375578 1232.321058 1087.451625
0 0.568596 0.633026 330.703616 909.326808 1271.083608 941.215868
0 0.431060 1.008588 257.773263 877.576890 1278.113936 877.809887
0 0.457667 1.234844 41.188557 829.127783 1282.711490 775.663638
0 0.772925 0.809411 340.872470 691.962572 1226.802701 869.402375
0 1.145170 0.995412 458.509411 1368.417924 1261.458398 1165.028214
0 1.128619 1.017154 397.630737 1298.033050 1287.693900 1073.623802
0 0.788829 1.009247 401.726546 847.536207 1232.310004 989.803875
0 0.807224 0.984232 423.925271 956.635372 1236.542535 1043.580199
0 0.826482 0.850901 86.049478 502.771473 1213.982058 592.126826
0 1.012151 1.011915 202.878811 897.607354 1278.384114 836.398041
0 1.033448 0.981162 211.428199 918.692324 1283.635654 861.177267
0 1.040970 0.909117 457.094740 1385.091936 1265.705786 1163.973365
0 0.957984 0.935713 200.065070 731.636087 1261.344479 780.310194
0 1.019119 0.949331 329.889189 885.066459 1264.907486 925.191805
0 1.051863 0.966521 292.313139 979.590270 1282.223878 925.166329
0 0.928108 1.001024 157.779088 735.255264 1268.511560 763.672401
0 0.956713 0.948628 262.405073 875.731854 1276.612313 872.742908
0 1.011020 1.257906 138.046333 961.136264 1291.289735 837.919543
0 0.867804 0.973965 294.124418 854.137665 1272.977737 891.912833
0 1.096534 0.956734 393.637076 1150.819851 1280.538465 1043.904439
0 1.155004 1.095879 450.925658 1440.405707 1280.576798 1151.581304
0 1.157399 1.104173 452.261308 1454.829536 1280.741037 1155.059160
0 1.036819 1.140800 448.743908 1350.493909 1277.902918 1142.134359
0 1.026715 1.085390 357.530193 1195.625604 1294.968246 1025.073288
0 1.022766 1.036483 89.180312 904.580656 1291.923212 806.817762
0 0.817515 0.948331 368.585632 925.846348 1271.757729 980.120188
0 0.656427 0.943270 299.353259 805.965851 1266.906987 877.890605
0 1.126113 0.992783 452.036088 1535.772975 1291.146234 1158.470320
0 1.044010 0.973953 451.079202 1373.257179 1285.049396 1142.898902
0 0.986344 1.064930 163.591783 800.248923 1278.892402 787.381693
0 1.176981 0.958267 414.498313 1503.508973 1303.336866 1115.542863
0 1.025799 0.969910 428.536978 857.272314 1236.931136 1028.909930
0 1.106346 1.072548 296.481834 1159.562706 1303.074454 972.210428
0 0.844879 0.887142 403.732479 972.122696 1270.176838 1024.344375
0 0.985482 1.017035 59.695451 824.270292 1288.215940 770.657957
0 1.019090 1.019090 453.947447 838.843651 1205.143966 1058.528022
0 0.917981 0.877785 283.732411 766.462199 1266.617533 848.380546
0 1.010742 0.982348 366.420985 1113.906835 1291.323801 1011.412071
0 0.897461 0.939385 404.509443 761.058390 1236.739734 968.619941
0 1.081126 1.085251 43.447595 1075.714085 1308.894733 864.938195
0 1.130232 0.876324 462.085530 1251.617389 1270.992366 1142.682098
0 0.832778 0.965148 361.929670 822.489416 1262.975278 938.218971
0 0.292866 1.084045 166.861266 1105.897262 1305.756861 895.628600
0 0.861866 0.878746 43.565970 549.304249 1245.980934 628.020892
0 0.835447 1.012601 345.704623 922.157691 1280.994747 954.293145
0 0.987749 0.956956 386.944472 1025.709869 1283.059409 1014.884177
0 0.815466 0.802932 391.677395 813.103001 1254.949747 967.138770
0 0.833035 0.871599 441.864358 1005.936378 1262.791621 1079.145217
0 0.898917 0.929381 206.906747 682.643917 1266.812572 762.627456
0 0.941900 1.001527 35.612042 666.674296 1273.464921 701.948570
0 0.979705 0.945016 330.373280 929.889476 1286.338077 941.285472
0 1.021736 1.115406 2.362265 885.086356 1296.261785 789.570186
0 0.855829 1.029191 405.418765 1016.192933 1279.667204 1030.849023
0 0.573410 0.994208 320.974832 1203.682775 1306.117031 996.705873
0 1.083069 0.969038 414.998965 1036.007040 1279.599838 1045.165335
0 0.979558 0.536374 80.459080 775.710321 1284.901282 750.501751
0 1.008249 0.913745 428.251720 1116.554494 1287.269536 1079.733756
0 1.072393 0.935271 393.894517 991.740763 1283.814294 1013.286391
0 0.809153 0.745526 475.392563 965.470618 1222.864873 1118.692612
0 0.842882 0.882082 428.441830 997.033612 1272.424720 1051.460663
0 1.019532 1.019532 339.363347 822.891863 1278.205238 918.730296
0 0.950655 0.927840 411.366677 865.881774 1268.421279 1006.586372
0 0.964103 0.962065 299.318223 858.033071 1289.327977 895.487190
0 1.018660 0.889722 447.689041 1145.080634 1288.559682 1105.615831
0 1.096074 1.040501 458.863035 1498.311349 1305.587695 1156.440592
0 0.908552 0.836252 371.015750 742.789231 1263.600775 924.508411
0 1.054345 0.872126 481.411683 1335.382262 1286.986397 1180.343009
0 1.000347 1.050577 423.372779 1052.864001 1289.621303 1055.788565
0 0.746603 0.862445 282.207832 565.111150 1242.928384 754.852862
0 0.566108 1.045915 317.413786 1098.228502 1307.541944 969.685168
0 1.080602 0.947529 384.315535 1007.781021 1296.782712 1007.579830
0 0.984285 0.866712 493.325786 1042.924703 1222.695719 1165.307933
0 1.115772 1.064228 454.563149 1155.441060 1289.623344 1107.622590
0 0.716839 0.809460 346.654260 476.870698 1204.879038 772.795535
0 0.928093 0.911204 350.637652 810.723854 1277.887038 913.328008
0 1.151181 1.006677 476.238162 1299.011426 1294.809460 1157.846562
0 0.429628 0.974770 492.166909 1166.093749 1263.222784 1175.542916
0 0.583901 0.896231 225.067450 654.250781 1277.710284 768.817521
0 0.652281 0.991109 346.161992 981.888912 1303.435351 969.264204
0 1.065361 0.952123 388.156998 960.173734 1293.673996 996.418344
0 1.291927 0.753046 498.959963 1083.715349 1225.652855 1184.294556
0 0.559073 0.899788 325.260600 618.284064 1257.097173 828.878498
0 0.852032 0.960154 209.838800 541.137413 1257.019300 698.851725
0 1.002230 1.095810 431.708490 1016.624380 1292.658006 1063.415429
0 1.007275 1.036584 368.074283 1011.960895 1303.597811 994.573091
0 0.659233 0.855049 352.017237 720.444061 1270.442743 893.529123
0 1.165150 0.962630 459.090112 1024.062718 1275.474116 1086.707472
0 1.105335 1.105335 462.312860 1049.108661 1284.302982 1106.164142
0 1.163640 1.039308 490.609293 1333.149563 1291.455146 1186.115309
0 0.979777 0.989570 203.183977 814.483694 1301.467040 824.948511
0 0.907979 0.937830 311.346415 702.002810 1275.570172 851.006388
0 0.908980 0.961351 117.443396 607.366279 1280.332455 698.072603
0 1.102249 1.206987 475.967152 1594.686754 1316.560371 1184.943389
0 0.833564 0.931188 48.178657 384.741624 1216.768327 504.246195
0 0.870856 0.900467 109.002806 547.699067 1265.368051 652.360930
0 0.980597 1.025808 412.104069 983.630309 1290.382493 1020.821572
0 0.996403 1.055933 265.179208 920.926386 1305.138374 892.098880
0 0.820426 0.773199 223.933938 424.473406 1223.753954 627.754385
0 0.975131 0.975131 245.523093 718.505894 1287.387810 803.974599
0 0.976143 0.911507 463.634081 682.776499 1206.270830 1011.193819
0 1.003329 0.916546 300.364924 764.161910 1287.872756 865.163910
0 0.890163 0.931346 451.597009 711.645198 1229.092899 1004.298176
0 1.036349 1.066269 128.334648 947.673597 1312.796958 842.574776
0 0.949779 0.947846 112.755306 647.026086 1285.775779 715.343124
0 0.808696 1.019204 399.062089 1072.546004 1307.204207 1035.082489
0 0.747392 0.785375 479.464045 712.927848 1197.604712 1051.227603
0 0.532939 0.858782 309.406948 478.841027 1225.580246 729.669566
0 0.622502 0.948531 345.879653 889.440976 1299.373893 938.954318
0 0.943361 0.562496 34.009685 634.533361 1292.547134 699.925251
0 1.005192 1.003657 336.121534 963.821824 1309.549597 954.679996
0 0.889701 0.964846 219.637939 716.872634 1297.518297 803.247061
0 1.029756 1.049200 26.672363 837.137094 1312.896879 789.773990
0 0.828834 0.785756 404.609234 515.068871 1208.013632 858.283177
0 0.300972 0.998102 88.910806 758.004701 1304.971680 759.526177
0 0.765436 0.912778 493.996560 1281.480359 1292.320301 1169.048574
0 0.718257 0.817011 426.747743 575.956369 1220.767095 917.189803
0 0.858813 0.671541 398.631368 738.148829 1273.171028 946.259183
0 0.567578 0.942618 264.629319 769.391441 1297.049581 838.711673
0 0.975468 0.906648 474.236024 656.833232 1207.971163 1019.714377
0 0.753255 0.772892 321.411483 411.665252 1206.953896 701.008077
0 0.982567 0.940178 457.919745 1072.234434 1297.480877 1089.556440
0 1.031929 0.975642 413.788083 799.704782 1284.764631 983.850747
0 0.870339 0.901790 372.683962 610.176964 1259.193289 867.631231
0 0.983800 0.935584 463.600706 953.718312 1286.180413 1076.493477
0 0.955714 0.993496 213.594825 728.170495 1302.880818 797.685532
0 0.720411 0.887940 374.666815 740.115255 1280.906044 911.403284
0 0.936826 0.877554 405.883434 587.717822 1241.562267 890.763437
0 1.138490 0.969483 513.604299 1160.512701 1266.158120 1195.012675
0 0.669402 0.849498 347.108370 512.907218 1241.415487 788.506457
0 0.638966 0.717872 350.523337 437.598449 1220.512011 754.046254
0 1.044449 1.069985 489.812158 1138.595370 1298.098828 1141.144068
0 0.804125 1.019277 419.581962 1163.576613 1320.630451 1067.498545
0 1.095416 0.883481 505.382032 826.667172 1222.322022 1115.803681
0 0.134477 0.947365 41.051204 596.186389 1291.985886 676.805805
0 0.580412 0.824770 32.336722 301.093377 1205.325089 430.639924
0 0.461025 1.019706 109.961250 606.007617 1296.170786 702.512675
0 0.697229 0.977298 394.832822 803.823677 1297.227965 960.413317
0 0.666579 1.075995 351.510143 934.849991 1316.556561 959.597798
0 0.855113 1.028614 454.632891 924.575392 1296.854890 1059.264151
0 0.980803 0.977626 25.540490 690.787077 1306.374466 721.196710
0 1.320027 0.910598 523.541969 910.216275 1217.543104 1177.091694
0 0.932462 0.908067 439.595503 768.608166 1278.737859 992.205146
0 0.881211 0.911524 172.723071 557.029908 1282.074297 679.428241
0 0.974294 1.005267 254.589927 797.794162 1312.419694 847.661932
0 1.014884 0.985721 384.942533 983.500002 1316.003618 994.879866
0 0.929964 0.726274 517.753208 772.426488 1200.600669 1126.913949
0 0.726957 0.732157 243.025896 341.534705 1212.369362 577.020058
0 1.001539 0.941757 521.501126 1004.262961 1255.733070 1181.709165
0 0.849690 0.829338 283.524540 518.397301 1270.856663 744.307256
0 1.032715 1.143970 525.661769 1158.707909 1269.252186 1211.833323
0 0.976655 1.007999 453.097428 891.255682 1297.478145 1045.943160
0 0.984205 0.946920 451.939762 897.417659 1301.814781 1053.237023
0 0.915841 0.609255 223.783912 635.480374 1294.484345 752.536862
0 0.949752 0.978886 495.954682 818.858134 1261.820646 1091.199529
0 0.793576 0.936696 357.875381 744.516284 1300.434325 903.083347
0 0.743061 0.976676 506.593977 1140.805757 1300.740779 1160.319080
0 0.561442 1.009428 314.959606 965.915698 1325.443300 943.185800
0 0.963048 0.824431 448.236084 600.724144 1247.033733 955.179174
0 1.043929 1.029070 504.148018 967.865179 1283.191154 1130.046734
0 0.786673 0.684715 324.955327 338.347242 1199.459266 652.138340
0 0.805440 0.766470 228.126662 368.248878 1236.877845 594.304858
0 0.916729 0.903265 98.365007 544.889109 1293.374060 656.788255
0 0.895068 1.202053 74.133806 515.153841 1292.736013 635.914562
0 0.828205 0.810387 539.170139 910.350376 1201.357413 1200.694480
0 0.780910 0.958349 481.390468 708.107626 1266.374663 1031.408273
0 0.762086 0.908954 418.987155 747.982479 1298.472770 966.017004
0 0.883649 0.806854 381.417816 612.337883 1283.028748 870.702666
0 1.017873 1.053740 516.772154 1055.068733 1299.902449 1158.356390
0 1.116334 0.752808 537.581654 985.577053 1254.696771 1199.205371
0 1.146837 0.821965 539.109480 1130.466874 1275.082047 1220.710792
0 0.633624 0.700359 237.017849 238.550933 1179.506994 477.672970
0 0.441691 0.739023 455.037783 417.439245 1194.299079 868.320078
0 0.947378 0.972329 409.023040 722.195636 1304.698468 954.345644
0 0.987177 0.701485 503.779671 516.845551 1193.820050 998.718281
0 0.659171 0.718920 389.531767 396.746038 1216.182112 757.012991
0 1.030829 1.051528 506.133147 1045.094877 1303.129069 1122.979419
0 1.112820 1.053293 524.208416 1023.080194 1289.279271 1149.270911
0 1.247215 1.117662 534.955090 1006.425973 1277.165000 1172.661919
0 0.751794 0.613655 382.967552 279.196323 1166.100797 665.898455
0 1.079676 0.775969 542.519402 880.094682 1226.271835 1171.768596
0 0.695042 0.714290 368.092198 295.109700 1180.949987 660.202559
0 0.678170 0.710485 146.106286 240.598016 1192.808899 404.122526
0 1.035047 1.068265 536.735571 1127.650785 1292.450204 1190.045588
0 0.956960 0.936556 339.693290 751.623434 1310.117552 879.061379
0 0.744077 0.712252 171.346126 268.407475 1208.438685 453.367588
0 0.816675 0.991901 254.157840 678.652573 1312.411369 796.310615
0 0.693579 0.880669 357.105984 542.398857 1275.825775 807.373740
0 0.674332 0.686122 215.558073 232.758090 1186.629396 451.888650
0 0.626607 0.905156 411.311810 588.481282 1280.968941 898.312117
0 0.902649 0.659599 291.218251 623.270725 1298.306787 786.236680
0 0.893908 0.888643 57.583336 441.592351 1276.254144 557.168501
0 0.889095 0.928689 403.305866 610.035262 1284.126839 890.483552
0 0.607578 0.714982 337.513977 294.644199 1197.980086 628.005816
0 0.358851 0.970660 26.399066 216.259922 1189.196135 331.304972
0 0.647701 0.660461 365.275634 622.583014 1290.498726 847.336890
0 0.616849 0.894852 348.255490 667.412575 1300.733960 852.203975
0 0.319129 0.682674 195.455583 480.280845 1285.148354 647.532507
0 1.183411 0.880661 502.567482 800.407521 1282.462846 1070.760695
0 0.976405 1.083401 525.433419 892.885935 1282.297223 1127.129003
0 1.000989 0.939030 549.666029 957.558884 1251.797816 1198.957372
0 0.869935 0.869241 2.895250 456.146625 1286.372436 569.616370
0 1.031794 1.068634 545.726243 1131.437891 1291.807717 1201.859125
0 1.056718 1.092047 548.660918 1198.642968 1298.740807 1223.456436
0 1.363095 0.931683 548.786735 1100.440512 1282.683676 1206.138498
0 0.530895 0.677526 379.086736 249.397888 1165.136099 638.825035
0 0.676048 1.108508 511.873701 1205.552975 1327.517978 1153.335390
0 0.508023 0.607667 426.491204 312.459028 1176.843665 748.619072
0 0.520276 0.684837 414.907531 381.138720 1215.658951 780.445742
0 0.509059 0.842959 532.121824 675.342427 1227.032270 1089.767756
0 0.579485 0.814625 425.561883 531.443729 1262.648437 875.516293
0 0.601937 0.935981 531.436067 902.665287 1281.779657 1137.084030
0 0.991546 1.010934 252.616475 779.678208 1325.199399 836.588535
0 0.632910 0.626725 126.095332 168.077797 1164.255961 313.556108
0 0.677926 0.635439 520.895483 483.685042 1180.085019 1003.570787
0 0.900259 0.946186 548.920132 1227.484529 1305.742137 1215.372830
0 0.710602 0.869540 368.642208 610.804842 1299.511497 853.108855
0 0.864325 0.847523 256.960188 514.209725 1295.031900 710.931665
0 0.881255 0.892414 86.481463 486.544871 1295.991888 605.991050
0 0.910127 0.908666 70.280278 529.186918 1304.545126 632.970352
0 0.989924 0.924178 453.387051 872.086159 1317.687456 1022.526680
0 0.673749 0.720747 258.336735 248.463963 1199.001148 501.356348
0 0.878991 0.710796 479.561017 594.907960 1262.404669 970.853587
0 0.394455 0.939360 556.794831 671.804029 1161.420619 1157.148791
0 0.701974 0.969255 368.265407 605.043046 1300.090061 850.187242
0 0.837899 0.999781 463.801890 643.759307 1287.473312 972.413585
0 0.658486 0.818449 529.969361 432.714654 1155.865310 991.702537
0 0.799691 0.769636 561.876625 781.370057 1156.109376 1204.444246
0 0.886466 1.111852 499.767518 977.324115 1321.387269 1098.876905
0 1.313877 0.942962 561.275637 679.820367 1159.453911 1167.887297
0 1.265533 0.961319 557.515883 720.389415 1204.682624 1158.509379
0 1.310783 1.007023 560.316120 845.347299 1226.846033 1191.533218
0 0.373051 0.916930 100.928368 451.143456 1293.227827 585.237854
0 0.411228 0.964539 236.034612 690.712608 1323.061663 787.333980
0 0.955661 0.981120 562.033715 783.941868 1199.223317 1184.658623
0 0.949944 0.991406 481.094408 763.335128 1301.467641 1023.133179
0 1.405702 1.003523 547.402613 1157.373100 1320.284150 1193.799555
0 1.120876 0.801706 547.560128 938.611354 1294.535234 1159.383774
0 0.651274 0.650902 221.171605 170.144214 1171.576068 391.495658
0 1.047058 0.818542 534.948344 733.846476 1272.858075 1099.407351
0 1.127734 0.903529 564.005022 993.665501 1274.112956 1213.115466
0 0.884543 0.816751 565.727348 1099.740343 1282.940151 1228.720139
0 0.797936 0.920146 384.691745 600.392474 1302.272389 859.546034
0 1.055054 1.097679 561.831365 1189.562147 1312.769367 1220.902781
0 0.935401 0.863774 366.554991 532.915907 1294.713925 809.966460
0 0.946236 0.892935 377.520645 545.432449 1296.723582 830.205239
0 1.017549 1.111029 465.012320 944.024076 1333.597691 1054.215674
0 0.892583 0.971889 426.402608 851.860344 1332.075879 994.026994
0 0.983130 1.070463 474.010579 827.521080 1321.121267 1027.854142
0 0.947283 0.977590 514.560382 729.164641 1295.361312 1058.080458
0 0.683335 0.930875 427.011175 509.553004 1278.986910 859.578711
0 0.939447 0.758380 549.459796 472.294477 1181.914346 1039.974294
0 0.877635 0.907656 434.338923 541.518058 1290.090880 888.364131
0 0.839386 0.844619 87.978088 397.209189 1290.360025 537.388834
0 1.108880 1.108880 574.983863 892.634247 1253.877885 1210.077329
0 0.851683 0.851683 107.377876 390.752438 1292.775983 551.397016
0 0.933756 0.913998 244.026798 524.372493 1312.717258 709.151069
0 0.479955 0.659534 490.981191 386.272806 1219.420973 884.921516
0 0.940563 0.889831 34.689001 413.525313 1302.311969 550.615992
0 0.641424 0.589497 122.631206 115.079054 1154.355552 242.839725
0 0.961680 0.941840 497.410462 808.244256 1320.328553 1050.554324
0 0.421513 0.922630 205.177811 590.581482 1325.745123 723.625156
0 0.455890 0.756723 552.793370 476.659033 1186.309320 1037.797093
0 0.689368 0.634431 462.954073 262.620284 1175.293608 758.888785
0 0.813734 0.834973 299.881967 404.063229 1287.287360 679.361908
0 0.991307 1.018585 417.608900 801.812386 1336.823366 968.107711
0 0.845078 0.784603 532.803671 486.214550 1228.962933 1001.317192
0 1.078903 0.654133 564.372511 436.099540 1150.211171 1045.931986
0 0.783689 0.749394 431.076242 380.216298 1252.795437 797.960813
0 0.823030 1.002451 579.042345 792.701474 1245.113705 1195.671065
0 0.700945 0.741227 182.599548 251.595793 1243.865122 453.211012
0 0.722761 0.746079 336.783145 386.565980 1276.667149 694.704776
0 0.914818 0.857587 2.762621 401.875608 1303.077303 539.952795
0 0.784958 1.112883 557.340767 1164.065339 1338.546370 1195.035599
0 0.885515 1.142962 563.197975 1041.675447 1321.448357 1185.257789
0 0.895490 0.774104 533.911013 597.562555 1267.045061 1041.745453
0 0.871079 0.876775 212.510831 485.806254 1312.002221 663.058505
0 0.811881 0.746705 448.207428 309.655141 1212.950570 768.370470
0 0.832346 0.832346 96.216485 361.680560 1290.388281 519.976308
0 1.142277 0.922138 554.140859 751.643865 1291.189350 1117.926867
0 1.031856 0.811658 537.558076 713.775040 1298.428353 1083.518245
0 0.437505 0.845407 182.695401 404.104030 1297.310832 585.868423
0 1.122437 0.969233 577.517325 966.082955 1297.674710 1199.008669
0 1.034733 1.145386 583.727058 1010.937552 1293.340177 1230.023236
0 0.852823 0.844602 81.813074 378.984336 1302.887008 541.360498
0 0.844471 0.858995 578.101473 861.456035 1287.206620 1190.921302
0 0.700049 0.742052 573.106691 806.324079 1289.900699 1169.485388
1 0.689589 0.845685 388.453774 470.347213 1303.316840 809.132219
1 0.703554 0.799121 379.846453 479.180912 1303.814503 797.335349
0 0.951802 0.985154 565.450298 724.092828 1283.400848 1127.757776
0 0.846751 0.937838 301.498860 646.984115 1337.617716 813.691170
0 0.820047 0.574094 310.826113 127.358157 1160.942021 437.509314
0 1.398665 0.868339 588.630036 666.120253 1224.426012 1168.968166
0 0.389765 0.967395 60.624372 506.991724 1329.982203 625.482721
0 0.948971 0.714933 594.477650 704.633029 1191.380832 1204.366354
0 0.848420 0.784798 543.661746 479.933177 1244.243310 1005.154848
0 0.698395 0.546588 588.168210 463.598676 1146.671792 1110.089824
0 0.635299 0.715427 39.444109 113.403440 1182.506127 206.709607
0 0.667661 0.637430 546.585914 402.576065 1210.557714 978.830541
0 0.577464 0.726989 536.692930 439.604733 1236.799480 977.552386
0 1.417072 1.031352 599.483595 607.464380 1139.288580 1200.277887
0 0.700401 0.872359 385.070627 587.032021 1332.985458 859.549916
0 0.814919 0.773029 293.375444 313.248962 1278.635833 603.869073
0 0.815326 0.797009 217.907450 327.327122 1288.586633 548.960045
0 0.571785 0.901242 600.134702 813.002588 1195.525243 1254.155071
0 1.363345 0.581734 590.154989 392.302536 1138.023468 1071.878770
0 0.947587 0.893377 482.371689 492.185425 1294.270168 913.205117
0 0.664860 0.821944 560.563968 385.377877 1203.905585 989.361917
0 0.858591 0.878784 288.098971 531.236115 1334.456473 748.970631
0 0.969151 1.078684 592.303856 729.928619 1280.023647 1176.323589
0 1.051539 0.784508 107.851799 295.085101 1290.246924 464.516157
0 0.181620 0.879432 596.712487 903.669068 1304.847169 1205.402657
0 0.870761 0.551558 577.800665 331.279499 1146.577592 996.151253
0 0.951625 0.660594 609.455486 659.378614 1153.359806 1232.682415
0 0.713752 0.644915 522.353913 259.730532 1188.579053 842.766490
0 0.915140 0.859905 396.344400 554.120019 1335.614735 854.305500
0 0.432460 0.864953 606.665011 441.517355 1124.314986 1131.445841
0 0.581175 0.566664 90.055575 71.572226 1167.889635 167.419756
0 0.360047 0.795617 568.402546 476.495240 1257.566602 1041.982508
0 0.511393 0.797518 498.561366 521.134665 1311.471090 948.844500
0 0.403893 0.922361 88.776851 452.757270 1338.834757 601.724207
0 0.937472 0.702377 555.082674 455.223030 1262.054667 1001.538682
0 0.413076 0.777908 268.860120 310.610248 1291.625546 571.770308
0 1.104279 0.932185 591.476624 812.057374 1317.449141 1166.049598
0 1.094477 0.832449 596.929449 384.347388 1166.030097 1065.424782
0 0.376711 0.476167 472.072955 77.300363 1092.281090 598.022823
0 0.514816 0.623270 610.402502 368.511389 1093.122750 1100.991276
0 0.516633 0.821552 595.762254 366.847328 1157.490308 1047.317426
0 0.991754 0.851676 560.718946 498.769930 1273.202893 1026.013932
0 0.872005 0.894588 550.887722 506.312747 1282.927659 1008.290171
0 0.733494 0.762400 575.385299 501.087686 1266.112072 1058.787238
0 0.760501 0.765723 121.085222 249.324525 1286.201388 425.897503
0 0.883481 0.806528 454.832229 514.173990 1323.166875 886.465973
0 0.624512 0.928460 215.680533 113.459151 1197.401545 323.326621
0 1.157338 0.899512 617.285871 1018.104107 1307.585262 1262.378871
0 0.719842 1.039532 614.983703 842.529792 1293.435857 1233.048086
0 1.179272 0.974633 585.761064 642.047356 1298.796957 1118.364270
0 0.652768 1.060492 618.963948 635.461601 1162.332471 1233.248181
0 0.679424 0.791914 336.436283 309.672884 1293.388340 643.146201
0 0.782021 0.921200 300.474255 444.079413 1333.801030 709.726469
0 0.535874 0.724929 574.616280 361.350245 1209.289368 992.282643
0 0.628781 0.604240 615.398061 593.280344 1207.910473 1182.795088
0 0.455715 0.627851 600.098279 430.289512 1199.435440 1086.110006
0 1.329118 0.950284 618.231586 597.215837 1094.368077 1243.747669
0 0.858703 1.006634 550.466703 573.903755 1309.850849 1035.645826
1 0.274993 0.499130 583.294893 255.137855 1135.626252 949.646471
0 0.434654 0.822379 618.272140 1034.877169 1324.872083 1261.271059
0 0.951141 0.496289 619.922298 634.573810 1111.853724 1249.887323
0 0.715271 0.722792 401.471378 235.411947 1247.312892 645.744587
0 0.840332 0.747872 481.531747 362.869984 1279.842562 841.386424
0 0.500223 0.737420 182.676539 282.312916 1295.895533 484.479853
1 0.910524 0.466315 511.214985 102.796399 1107.184668 682.741884
0 1.099130 0.888515 538.731561 455.416130 1289.333438 970.823588
0 1.181644 1.069748 614.747704 956.441864 1330.949220 1229.053148
0 0.689928 0.747825 441.856271 353.815854 1294.461113 789.488508
0 0.805489 0.997392 486.490072 678.412385 1352.637149 994.279173
1 0.464593 0.473193 273.139067 15.513574 1106.868346 290.074116
0 0.507350 0.588534 434.691998 149.157006 1188.111510 610.766821
0 0.376924 0.918552 614.129949 515.831855 1220.465200 1141.412460
1 0.087077 0.571662 624.085755 595.720674 1106.993055 1242.281668
0 0.245569 0.636782 601.239940 343.914704 1170.148138 1037.180090
0 0.522595 0.890134 522.860477 451.067798 1298.347867 945.315829
0 0.636749 0.907117 491.138528 501.693445 1322.947558 925.269162
0 0.709547 0.823890 423.092829 342.441059 1299.302802 758.775780
0 0.283817 0.885770 153.741349 390.614374 1336.425438 576.858934
0 0.963753 0.844739 626.698527 659.909972 1127.792843 1264.570268
0 0.909326 0.853360 578.204987 541.455023 1301.171031 1068.961633
0 0.796878 0.782135 398.628182 342.621073 1303.363572 725.281920
0 0.840643 0.632295 447.374558 94.117666 1145.562531 574.815244
0 0.859008 0.823124 532.479616 462.831161 1303.332780 959.592388
0 1.045214 1.073911 627.057218 970.564751 1325.859917 1258.483892
0 0.715262 0.634498 469.286636 248.152875 1245.923259 743.968937
0 0.586745 0.854270 573.190348 643.402076 1326.035010 1082.441485
0 1.436890 0.757502 629.121682 799.537030 1187.294251 1292.202911
0 0.630094 0.779055 373.499816 298.470616 1297.260284 667.219519
0 0.773459 0.745338 269.990847 239.436665 1286.902423 515.427340
0 0.760404 0.910758 174.492672 246.433214 1299.582928 455.139759
0 1.306946 1.007646 630.666694 647.309388 1108.582952 1274.749596
0 0.758778 0.820048 425.680256 410.237553 1325.194224 800.201405
0 1.042887 0.990311 588.418814 498.881023 1287.298167 1062.867940
0 0.744741 0.723068 125.224079 195.147367 1281.409009 366.043180
0 0.699731 0.687571 631.764428 779.640062 1293.756338 1230.711743
0 0.809773 1.087288 153.652522 315.848626 1326.718942 513.498950
1 0.367996 0.521502 533.363924 151.842052 1154.943313 757.358979
0 0.497066 0.909636 612.637110 492.008288 1253.087141 1109.067450
0 0.720538 0.787783 531.754364 406.956843 1295.917538 930.870263
0 0.798886 0.903567 375.796945 458.953191 1344.598387 781.407447
0 0.766244 0.847697 558.755836 522.693092 1320.077958 1014.785304
0 0.806794 0.724706 633.510586 615.834330 1054.978977 1283.669783
0 0.527078 0.509916 511.655954 145.160919 1176.254339 715.542373
0 0.802399 0.868540 622.531693 652.342387 1303.223364 1168.728011
0 0.466846 0.586008 617.843219 427.936478 1236.847150 1088.026060
0 0.613607 1.014940 541.638383 560.231127 1339.217620 1007.610471
0 0.741317 0.945482 349.846391 423.058240 1344.372569 735.054330
0 0.792754 0.935453 501.023676 525.917030 1342.372724 940.932485
1 0.564161 0.482256 145.655359 3.461020 1128.945655 146.054629
0 0.537088 0.986415 643.811431 632.544939 1174.357800 1255.245372
1 0.339099 0.424186 544.714735 49.906391 1072.984213 679.327900
0 0.564080 0.901727 589.032952 391.071764 1260.240841 1004.424102
0 0.717228 0.944022 644.294539 805.471701 1275.926423 1267.447444
1 1.157131 0.562748 644.883573 500.840206 1123.854299 1220.560662
0 0.834343 0.537657 92.930445 9.247701 1147.752627 96.469817
0 0.672201 0.786216 228.223040 128.428507 1245.469259 359.057694
0 1.313235 0.837453 644.887736 751.420642 1257.966648 1268.176036
0 1.310306 1.005610 624.180863 496.698066 1264.345936 1126.530543
0 0.626335 0.647673 333.307009 137.992605 1237.460800 474.665755
0 0.556983 0.718029 611.582588 204.601561 1129.770123 953.240428
0 0.871031 1.058019 625.553007 825.509302 1348.961673 1205.116450
0 0.489378 0.791855 125.260955 259.539408 1320.390782 443.022605
1 0.087813 0.557672 647.650914 492.461455 1124.826890 1224.400834
0 0.852016 0.705502 481.879957 316.404174 1300.908311 812.238479
0 1.185220 0.775549 634.541073 410.724893 1207.608904 1121.044992
0 0.967345 0.993062 634.483038 672.276230 1307.708120 1188.280401
0 0.785905 0.790946 173.085973 273.452859 1322.604658 479.530728
0 0.653047 0.742137 328.736363 160.293580 1256.438671 488.773834
0 0.692472 0.759082 408.675263 198.199152 1267.208643 624.138035
0 1.005622 1.117154 650.436745 765.952056 1283.615866 1259.974915
0 0.940271 0.728277 538.004898 415.853605 1315.276586 935.359416
0 1.004937 0.890436 640.189187 720.273877 1093.699511 1315.470190
0 0.795413 0.781033 345.793971 306.557633 1324.915488 645.017843
0 0.702085 0.819689 651.910536 729.492466 1275.687916 1259.516690
0 0.912457 1.023233 651.318185 498.939773 1203.291469 1201.583314
0 0.742913 0.604256 571.078161 254.822395 1232.435693 895.283385
0 0.591203 0.635214 602.927715 228.983699 1184.018187 941.516811
0 0.745991 0.659472 617.011862 464.397733 1286.684845 1090.813182
0 0.832978 1.072625 592.785272 662.249233 1354.650591 1109.894113
0 0.924947 0.569069 566.863929 88.887768 1112.434572 751.513203
0 0.777510 0.695942 599.836119 182.859060 1154.783024 895.502593
0 0.885950 0.660559 574.663332 324.258830 1264.951612 938.841140
0 0.858151 0.778857 629.521763 414.561488 1248.318831 1097.388135
0 0.781429 0.852167 297.124885 357.729710 1344.875500 641.711992
0 0.753450 0.740809 11.054049 119.407757 1261.815849 222.790211
0 0.786328 0.487509 654.868315 282.060028 1056.669470 1129.386964
0 0.842923 0.672229 643.823900 380.829082 1196.959073 1119.520614
0 0.921246 0.812533 608.776624 548.144242 1323.650391 1094.617940
0 1.039787 0.871174 653.290921 907.117219 1340.910531 1261.803802
0 0.774632 0.948128 637.802538 544.876040 1289.418203 1152.531315
0 0.659794 0.763299 432.214834 262.623566 1299.778440 700.032567
0 1.002345 1.018723 658.502156 725.433459 1247.325915 1278.793144
0 0.661690 0.697173 661.729877 319.522462 1093.715506 1150.153178
1 0.451804 0.469373 356.618808 12.638937 1146.486402 381.513582
1 0.491517 0.497457 241.632715 13.527892 1168.705553 253.220931
0 0.791635 0.812372 600.456242 319.602545 1260.954053 974.629541
0 0.821088 0.831586 310.363346 334.513294 1347.214234 634.901837
0 1.317997 0.525150 664.208787 404.807826 1044.366050 1237.492859
1 1.081382 0.458487 648.316969 261.712389 1149.562865 1061.202984
0 0.862482 0.804002 664.850795 745.906902 1246.027238 1299.044108
0 0.620409 0.664067 511.833771 224.869172 1270.718812 776.593279
0 0.547796 0.728242 576.225549 436.883506 1326.497048 995.809608
0 0.717632 0.791697 611.963641 398.739239 1294.335200 1042.097320
0 0.882844 0.816874 665.409093 865.214019 1333.579086 1278.770599
0 1.359070 0.927142 667.836080 477.265609 1141.924379 1239.407030
0 1.129808 0.991748 665.922777 607.852100 1143.972451 1294.653794
0 1.248812 0.833200 588.273390 237.151956 1239.110568 904.434210
0 0.804134 0.895967 534.285964 525.312739 1365.462297 978.323871
0 0.303290 0.440560 483.175921 58.774559 1031.140136 492.400240
0 0.670667 0.806922 555.669718 309.161238 1295.577300 892.395603
0 0.828241 0.786296 672.075834 631.224823 1223.319790 1280.081421
0 0.893861 1.158866 672.049406 882.925799 1311.041726 1308.826019
0 0.397059 0.891113 15.075883 96.595654 1263.503058 182.793893
0 0.662527 0.749144 516.872975 169.528453 1240.462591 727.848546
0 0.724342 0.725927 585.490104 401.573724 1320.178847 985.262226
0 0.862879 1.114166 645.371432 751.530506 1363.273270 1194.299949
0 1.045332 1.045332 642.352555 561.439618 1331.198889 1143.505310
0 0.789740 0.717627 562.578720 196.406175 1243.822069 822.885130
0 0.862556 0.778469 405.771138 298.590460 1341.549375 702.253923
0 0.533477 0.334850 604.000595 20.128475 1015.536100 700.497932
0 0.774307 0.933084 675.032347 476.454076 1074.212808 1276.151743
0 0.441038 0.583993 628.168798 67.709572 1079.184760 839.416934
0 0.667717 0.739184 610.658288 320.180901 1280.240753 983.268809
1 0.533680 0.546601 137.245658 23.343986 1207.842286 150.870098
0 1.103696 1.017425 680.381092 660.570548 1289.193358 1268.870071
0 1.194303 0.882064 670.570841 388.917466 1224.395122 1151.209851
0 0.958291 0.961760 664.688467 534.615284 966.853105 1318.596893
0 0.504887 0.725522 101.693038 2.134016 1189.917284 102.459766
0 0.699914 0.728845 491.861172 196.286676 1281.521320 715.557436
0 0.678205 0.643279 344.199608 157.245360 1290.457975 501.063781
0 0.863202 0.835440 682.750660 750.804509 1301.915689 1291.492291
0 0.872545 0.890189 674.613655 402.077709 1223.254709 1166.279092
0 0.550729 0.751821 635.003703 317.780158 1273.819660 1027.706110
0 0.523755 0.664915 566.239978 234.601211 1278.923149 851.023416
1 0.682815 0.788045 363.991637 272.062368 1345.632954 634.709412
0 0.469581 0.716851 560.742562 189.875318 1258.843140 813.066312
0 0.465856 0.802578 673.589756 420.811347 1251.541775 1157.845135
0 1.389320 1.104886 674.060637 687.532050 1344.733157 1228.451006
0 0.863277 0.478018 687.436298 351.566887 1088.075192 1222.257133
0 0.908178 0.614588 501.938303 98.951323 1228.274969 644.042222
0 1.100115 0.917165 658.902616 299.932286 1242.364203 1068.670992
0 1.293184 0.785155 690.806769 410.956486 1106.869746 1251.031598
0 1.318414 1.024411 691.045748 451.486028 1200.677398 1234.727583
0 0.783561 0.607301 420.213945 64.347363 1225.623272 501.476726
0 0.784319 0.642128 428.570650 73.716666 1229.545839 518.044523
0 0.919665 0.778017 543.856905 330.677244 1339.693902 883.560656
1 0.267183 0.351218 609.492343 6.387247 1072.669645 725.885090
0 0.434228 0.871751 691.385455 345.143236 1132.464566 1200.559945
0 0.865595 0.640270 467.612455 46.013233 1196.775644 544.153620
1 0.973746 0.368942 553.051467 6.759345 1103.913802 617.990040
0 1.012217 0.649304 682.710544 671.084059 1128.719834 1340.349310
0 0.979984 0.875289 690.505978 584.726206 1156.131290 1312.094539
0 0.984489 1.096019 695.915464 617.534363 1264.150873 1282.561371
0 1.014248 1.033054 695.714461 703.865534 1277.847372 1305.875419
0 1.002941 1.030074 695.789771 695.117295 1272.412454 1299.871171
1 0.954906 1.139283 540.356790 12.489360 1108.418729 593.445285
1 0.148082 0.274264 677.302990 6.756591 967.600918 869.040211
0 0.451417 0.728935 636.891287 286.118997 1281.698811 1004.513212
0 0.668201 0.850794 698.209458 565.816173 1227.925213 1282.569337
0 0.470057 0.570444 598.491151 159.972883 1236.018269 845.256155
0 0.577066 0.672630 584.592639 281.668346 1313.944649 910.063319
0 0.889303 0.796908 672.722814 256.660201 1212.936411 1065.417845
0 1.071824 0.985605 697.420294 562.578254 1276.688011 1257.025325
0 0.292336 0.276271 56.282164 139.856555 1004.841753 343.316808
1 0.585629 0.578161 35.034353 37.945140 1251.626526 87.885269
0 0.986985 0.734004 699.749965 600.609127 1255.276706 1292.455703
1 0.578068 0.599688 38.928428 33.628761 1246.997564 80.816257
1 0.592019 0.582433 32.294780 41.732608 1255.529818 94.695743
1 0.595306 0.588773 39.610749 46.626656 1258.254545 103.556764
0 0.914867 0.938799 691.949590 453.269582 1267.697460 1205.342240
0 0.840965 0.862229 543.983314 346.199034 1354.397529 891.429404
