0 1.044148 1.114908 201.667555 2989.608969 1187.788388 1070.234136
0 1.076725 1.115434 57.207728 2524.298047 1194.738141 983.461230
0 1.117866 1.153097 136.630531 3327.122258 1214.363552 1060.842691
0 1.150236 1.205057 150.828160 3861.610204 1223.460423 1090.627653
0 1.095493 1.068192 88.495987 2506.151799 1188.008778 982.133220
0 1.122538 1.109923 137.216047 2743.599687 1193.313653 1018.410305
0 1.166431 1.137142 119.599428 3067.633627 1209.072626 1041.679536
0 1.168526 1.203451 108.974253 3046.299325 1213.131707 1042.358826
0 1.137126 1.080857 162.774780 2880.507773 1197.695841 1043.229373
0 1.217674 1.217674 205.541924 3994.178611 1217.577550 1118.191629
0 1.078364 1.154490 71.227829 2514.186432 1194.785155 985.553952
0 1.059715 1.153560 198.790512 3098.358451 1196.263386 1076.474087
0 1.106201 0.387424 168.716099 3245.370407 1210.768349 1072.675181
0 1.125145 1.244930 81.328205 3023.633233 1213.733824 1033.094300
0 1.097757 1.102924 31.792521 2522.107161 1193.744660 977.105838
0 1.051859 1.074020 186.448387 2856.642318 1190.801474 1053.929292
0 1.117277 1.154273 98.946331 2904.120123 1209.739413 1029.637673
0 1.114596 1.211603 71.878791 2941.921998 1210.212352 1021.198094
0 1.132583 1.212421 185.476574 3805.964390 1219.032630 1102.164518
0 0.715693 1.116346 154.987715 3269.659861 1210.082551 1063.136439
0 1.177086 1.153340 148.041526 3172.383167 1213.109041 1061.719075
0 1.163467 1.113109 146.403710 3162.275782 1209.349956 1052.201108
0 1.033062 0.385229 131.371390 3015.489047 1207.115611 1041.712395
0 1.210418 1.140750 208.294078 3787.251157 1215.785285 1114.910029
0 1.084430 1.111159 102.968287 2652.096276 1201.678061 1010.060323
0 1.131122 1.290067 117.059625 3224.088292 1216.781644 1051.439260
0 1.155697 1.134994 165.968552 3016.820765 1204.998298 1055.799631
0 1.173655 1.140762 151.128943 3157.787174 1212.468549 1060.204141
0 1.127235 1.127235 177.255311 2791.343512 1192.552385 1043.485204
0 1.120225 1.120225 170.185865 2738.509107 1188.837765 1031.718245
0 1.193845 1.126487 208.488399 3661.359965 1211.312523 1105.101424
0 1.131224 1.138699 9.081874 2664.853009 1207.152042 998.261174
0 1.196870 1.147904 189.670300 3455.633013 1215.328590 1093.882226
0 1.174916 1.150474 159.780226 3228.381482 1212.597486 1064.396159
0 1.061079 1.078544 24.888314 2297.259676 1185.712236 952.987142
0 1.040174 1.054728 137.470712 2560.399602 1188.864484 1004.076418
0 1.100670 0.405496 172.933378 3174.724212 1207.770388 1067.285839
0 1.108823 1.101983 205.024515 3674.613874 1213.310911 1104.141215
0 1.079859 1.093036 23.399918 2302.924801 1187.618725 956.855630
0 1.140590 1.132445 56.548655 2738.877096 1206.424776 1006.558311
0 1.145981 1.145981 11.427871 2850.559304 1208.746861 1006.316445
0 1.244757 1.211630 204.113341 4378.201212 1224.110227 1126.236322
0 1.221249 1.249216 123.763371 3743.570535 1224.118792 1076.393870
0 1.161716 1.120788 151.889213 3099.693830 1209.910733 1051.695286
0 1.157247 1.148881 42.852198 2920.574051 1214.480071 1019.079400
0 1.116577 1.119483 23.545031 2541.789294 1203.291378 987.478103
0 1.122364 1.203869 85.625633 2950.035527 1212.694653 1027.338333
0 1.119391 1.177883 104.503810 2583.764597 1201.093187 1003.745370
0 1.153795 1.152339 60.888613 2909.646255 1213.717586 1018.493374
0 1.194497 1.148591 204.308909 3494.912620 1211.330891 1097.330828
0 1.205188 1.195402 117.667036 3485.617092 1222.067903 1063.236644
0 1.110121 1.047095 179.706269 2587.667672 1185.113785 1027.889460
0 1.201419 1.201419 209.852627 3672.241367 1212.767701 1105.125010
0 1.166325 1.155855 136.768781 3064.580322 1214.259386 1046.697336
0 1.048442 1.083946 31.476295 2163.969241 1183.653897 940.562779
0 1.117391 1.183079 206.842038 3732.773393 1217.871505 1107.161405
0 1.203302 1.213341 18.368706 3297.888194 1224.535011 1043.369128
0 1.051322 1.107471 145.777328 2490.119225 1194.430779 1008.798628
0 1.061214 1.094499 154.201409 2574.422337 1198.359546 1022.703764
0 0.576595 1.070767 153.599023 2413.974447 1190.062952 1006.628929
0 1.101775 1.104931 32.095113 2398.309808 1198.098284 971.504413
0 1.173968 1.120940 169.428368 3063.409569 1211.652506 1062.219817
0 1.194455 1.194333 43.393952 3249.460941 1223.001653 1039.874252
0 1.194276 1.140363 168.235435 3237.982964 1220.342356 1076.995075
0 1.201138 1.201138 135.123275 3380.278192 1224.544780 1067.591935
0 1.179184 1.180272 24.608199 3088.149112 1219.895915 1027.714947
0 1.164451 1.148080 117.192888 2899.006468 1216.163680 1037.319377
0 1.217018 1.184631 192.249172 3676.470922 1224.208875 1102.971762
0 1.191948 1.191948 11.573803 3186.606551 1225.630637 1038.707116
0 1.127185 1.101380 211.930451 2757.704344 1188.211383 1062.547130
0 1.120583 1.132559 54.335830 2703.585502 1212.832697 1006.144463
0 1.157729 0.352629 10.335335 2764.955380 1218.408677 1015.777051
0 1.183135 1.194911 23.631953 3137.039625 1225.740677 1038.458737
0 1.181071 1.170816 83.406729 3096.413409 1222.358913 1039.379876
0 1.098589 1.159811 204.733143 3306.042631 1212.022397 1091.612722
0 1.130024 1.181297 172.008919 3477.134476 1219.959065 1080.164035
0 1.139969 1.160739 60.068382 2864.687760 1217.954839 1020.908368
0 1.108980 1.137914 170.923020 3303.419536 1216.187956 1070.358160
0 1.150076 1.172137 97.012918 3163.146653 1220.111168 1042.033462
0 1.145658 1.182792 161.944740 3478.526919 1225.617695 1083.228185
0 1.028197 1.058042 39.302542 2137.593196 1188.413374 944.915851
0 0.974025 1.168113 183.563155 3114.434591 1211.703477 1067.996157
0 1.083521 1.083521 102.061244 2261.817459 1191.995116 972.617712
0 0.997620 1.143063 116.028279 2935.502948 1213.267714 1030.155773
0 1.108679 1.101991 125.180609 2461.569696 1196.347366 996.781868
0 1.198178 1.188199 102.777075 3260.666589 1223.375753 1052.108291
0 1.233128 1.233128 199.936046 3957.255979 1225.658182 1112.469373
0 1.028839 1.061050 160.177343 2417.613914 1189.127764 1006.963544
0 1.066789 1.110803 201.595488 2946.985665 1202.430360 1069.327880
0 1.131942 1.169347 163.868421 3449.370422 1222.357822 1078.566378
0 1.095486 1.074332 154.805023 2341.152893 1190.647965 1002.041262
0 1.210111 1.196144 148.200547 3414.371428 1227.224225 1076.590374
0 1.174358 1.156846 123.304871 3005.924282 1219.885344 1044.580759
0 1.194959 1.194959 155.395678 3295.980604 1223.177350 1070.025687
0 1.189530 1.145954 210.004943 3359.274891 1215.244402 1096.677983
0 1.210840 1.196497 151.199145 3428.249602 1227.230247 1078.201477
0 1.096459 1.042968 167.970956 2389.087606 1188.786257 1009.648615
0 0.988046 1.143933 179.609563 3092.058939 1211.458075 1063.754415
0 1.012373 1.177531 213.485037 3965.881121 1224.741759 1120.571816
0 1.140745 1.102974 109.650327 2748.424678 1208.715336 1014.097420
0 1.085057 1.105451 51.182438 2253.120447 1193.828234 958.823831
0 1.163395 1.148427 82.603516 2828.005078 1216.627094 1022.763394
0 1.132623 1.137728 13.789827 2613.197763 1212.550980 994.427630
0 1.220954 1.209397 115.530359 3469.656451 1231.319140 1072.096854
0 1.188836 0.394417 192.094735 3195.953782 1215.559275 1081.235783
0 1.126475 1.202925 103.321905 2930.404953 1220.287260 1035.178449
0 1.206199 0.430143 214.221870 3591.260954 1220.438336 1108.398132
0 1.203224 1.121933 216.625562 3561.326048 1219.259493 1108.310781
0 1.208940 1.205854 49.688947 3274.238762 1230.522351 1051.241992
0 1.127584 1.102618 213.938830 2664.234159 1190.809621 1060.909978
0 0.804326 1.114962 189.920063 3079.135609 1212.930984 1073.522635
0 1.184337 1.163208 6.232169 2608.787663 1211.991575 996.596507
0 1.183917 1.183917 141.200611 3120.763741 1222.330776 1056.160987
0 1.188618 1.201985 37.980143 3049.442623 1226.859299 1035.847372
0 1.099403 1.067460 186.329015 2426.039743 1185.036017 1018.533845
0 0.203479 1.142121 62.977973 2529.537518 1213.590104 1001.463444
0 0.380074 1.114231 92.680700 2628.777135 1214.555319 1013.142354
0 0.864268 1.196481 218.474285 3416.129048 1217.590741 1104.761055
0 0.495481 1.193895 142.107616 2915.273446 1220.461606 1051.010605
0 0.148536 1.157422 15.552553 2686.970813 1217.822270 1005.614533
0 0.432065 1.158489 102.097575 3094.905097 1226.100178 1047.853115
0 1.104441 1.153102 143.114929 2845.471143 1215.117892 1041.820529
0 1.207250 1.199387 70.114607 3295.966958 1227.891392 1049.387551
0 1.116380 1.124940 143.604392 2900.916328 1216.857160 1046.150744
0 1.121032 1.120031 119.252021 2467.626611 1206.146040 1003.902540
0 1.100900 1.146338 218.288620 3437.391856 1215.596352 1101.737470
0 1.210593 1.205633 81.782470 3276.062843 1231.211202 1056.389783
0 0.738673 1.151884 198.478581 3171.795048 1213.050160 1076.282556
0 1.089638 1.107396 50.667320 2196.406067 1200.123971 962.941374
0 1.165526 1.120853 221.759472 3010.372038 1206.551046 1088.286889
0 1.196549 0.381060 202.914746 3359.504078 1221.084659 1093.087566
0 1.084963 1.129040 87.384699 2207.600227 1194.710088 963.255991
0 1.125049 1.081262 128.022593 2498.094775 1205.159645 1006.126104
0 1.117346 1.109615 34.514824 2400.812884 1207.323458 979.290330
0 1.137141 1.131587 29.377347 2540.676084 1213.077102 993.829284
0 1.204061 1.174098 216.330453 3363.988115 1218.952813 1102.805488
0 1.163973 1.115611 184.130119 2973.403606 1211.807202 1058.324202
0 1.191517 1.173297 216.754099 3358.183703 1215.495684 1095.849573
0 1.203072 1.154251 205.362019 3406.910888 1220.593742 1094.813059
0 1.141527 1.169559 1.000104 2611.961000 1217.633327 998.259180
0 1.188557 1.172883 95.223077 3049.040223 1227.484368 1043.257974
0 1.189602 1.189602 64.609585 3039.553102 1228.479934 1037.996976
0 1.033050 1.076176 63.455743 2025.471849 1187.675255 937.650589
0 1.117705 1.181169 161.466563 3048.191269 1219.493069 1057.675398
0 1.158069 1.148762 92.093737 2740.220237 1220.236802 1021.231977
0 1.210408 0.420324 182.288821 3373.852552 1228.024495 1088.403409
0 1.139151 1.107441 233.468498 2757.663299 1192.477916 1076.151829
0 1.146343 1.196915 85.794118 2588.228601 1215.665456 1007.529470
0 1.189304 1.163513 189.531267 3057.765348 1220.090067 1075.366267
0 1.086103 1.073660 18.322422 2051.676211 1194.100494 939.297354
0 1.125731 1.070553 188.443009 2491.423925 1199.972747 1032.876408
0 1.136340 1.133571 24.763801 2537.833906 1216.233560 992.668230
0 1.115114 1.215521 111.600312 2792.367137 1219.974108 1025.240052
0 0.527021 1.155970 143.747769 2831.069723 1219.566132 1039.183903
0 1.085693 1.120681 97.762369 2414.350381 1214.866939 999.529898
0 0.878531 1.094939 230.834150 2860.797974 1205.727479 1084.659703
0 1.067224 1.162754 233.781506 3280.202899 1215.442387 1103.019469
0 1.044967 1.129651 230.480831 3241.803094 1215.515972 1099.153781
0 1.099211 1.116355 2.858398 2184.579395 1208.430665 962.577229
0 1.146081 1.095535 179.751609 2600.210504 1213.033933 1042.476311
0 1.163580 1.155425 110.170690 2668.812108 1223.756227 1026.873072
0 1.130004 1.084898 173.675636 2468.474666 1208.448362 1028.222049
0 1.112414 1.086518 197.672938 2374.616494 1197.565865 1029.992120
0 1.135693 1.131813 28.984959 2424.348080 1218.905867 991.926077
0 1.184014 1.103945 221.392034 3024.388496 1216.161882 1089.593053
0 1.063480 1.057074 113.446656 1998.407971 1191.596387 952.188216
0 1.121366 1.115372 43.485599 2409.937714 1212.128766 979.500500
0 1.149659 1.147625 26.739889 2587.474777 1219.989598 999.363283
0 1.131882 1.200424 15.435977 2359.827494 1218.468893 987.790606
0 1.199111 1.159306 236.455379 3239.126144 1221.211279 1112.020862
0 1.208948 1.199039 103.750350 3153.532909 1234.596866 1055.758387
0 1.140256 1.182656 131.011957 3031.987444 1230.705684 1053.820074
0 1.167457 1.184380 43.004342 2732.151023 1227.147719 1016.249484
0 1.124628 1.099310 224.405740 2519.652491 1193.930155 1054.071162
0 1.162828 1.162828 129.908241 2680.577371 1220.538601 1028.999810
0 0.131350 1.058525 45.696194 1939.029714 1190.884892 925.859022
0 0.450577 1.122185 131.921819 2643.302704 1220.136249 1028.884224
0 0.829347 1.194552 212.796967 3173.040103 1221.849527 1088.960426
0 1.139336 1.137032 84.004703 2486.837144 1219.475740 1001.730386
0 1.108374 1.140018 91.462044 2494.171911 1219.408448 1003.893808
0 0.538702 1.150111 145.306177 2530.817178 1219.117443 1027.986037
0 0.106994 1.137859 2.173543 2375.747277 1219.876539 987.861543
0 0.514662 1.162040 153.486018 3124.041666 1232.438196 1066.763626
0 1.125185 1.266008 4.680401 2314.702180 1215.191198 979.178425
0 1.036143 1.072993 114.924111 2035.736563 1198.825307 961.172964
0 1.069401 1.085568 181.310633 2523.940273 1214.355713 1038.799568
0 1.211932 1.186100 155.969432 3188.459659 1231.937373 1069.721775
0 0.264416 1.306936 88.121692 2914.991258 1232.918808 1038.550225
0 0.641434 1.107886 173.286621 2382.207207 1211.434305 1025.251611
0 0.724662 1.133303 207.016930 2800.109522 1220.363592 1072.119246
0 1.121366 1.110967 89.769969 2260.864374 1215.662005 987.918144
0 1.182524 1.182524 206.817813 2946.117635 1223.833084 1078.284499
0 1.119265 1.099464 197.820804 2330.373995 1203.601476 1031.165949
0 1.115820 1.087756 185.820733 2317.473723 1204.646623 1021.538984
0 1.188167 1.149519 197.840514 2892.242761 1226.323525 1076.537498
0 1.100198 1.019459 193.372635 2237.504579 1194.828729 1012.091042
0 1.100801 1.112917 109.333257 2169.566057 1206.045714 974.200461
0 1.188330 1.145702 137.121727 2903.828589 1231.476031 1049.232337
0 1.165475 1.143919 158.187348 2652.761652 1222.318290 1038.435760
0 1.150702 1.105234 188.578799 2617.116048 1215.211408 1042.967228
0 1.129190 1.181671 231.679982 3356.375223 1231.491857 1113.485026
0 1.081706 1.057442 239.487637 2969.028401 1215.806802 1093.524674
0 1.108688 1.110990 72.353723 2140.653139 1214.373385 972.591626
0 1.139536 1.138390 73.314948 2366.791930 1223.076790 996.480037
0 0.853290 1.090359 229.311941 2336.710929 1196.652460 1048.446081
0 1.110936 1.148559 4.494727 2137.072679 1216.802380 967.050146
0 1.182095 1.138015 167.107416 2839.390667 1229.731623 1055.113187
0 1.203368 1.173881 147.454470 3037.182126 1233.018992 1058.417298
0 1.152364 1.149590 114.415171 2521.004408 1223.048518 1012.126522
0 1.173774 1.127327 191.760165 2728.164062 1223.165771 1058.200855
0 1.197931 1.195556 16.715048 2869.477129 1234.901121 1029.344802
0 1.139223 1.059201 240.875668 2542.371706 1201.911374 1069.578966
0 1.112182 1.162779 83.024631 2162.286876 1213.366896 973.783578
0 1.117730 1.108454 132.602611 2243.024786 1212.105101 992.449706
0 1.103241 1.120630 37.446586 2121.303392 1212.130383 959.457047
0 1.129993 1.105835 129.929766 2365.498330 1216.073917 1000.628523
0 1.099610 1.134969 97.820462 2364.435786 1223.794218 1002.103004
0 1.125147 1.185138 231.083551 3311.065200 1233.676943 1111.796781
0 1.158385 1.178143 122.650420 3010.137712 1238.450287 1057.355788
0 1.130658 1.035480 251.015881 2478.482626 1196.609740 1076.236543
0 1.142077 1.125964 106.811734 2415.355316 1223.640885 1004.909551
0 1.124820 1.126480 36.345385 2204.783444 1221.452085 978.582105
0 1.139556 1.108104 125.270359 2357.997486 1222.224021 1008.303577
0 1.226497 1.195248 207.459954 3337.518320 1235.271863 1098.470150
0 1.089710 1.036658 189.308127 2047.310137 1198.626828 999.638650
0 1.173795 1.178470 136.883197 2686.480815 1229.278350 1032.366367
0 1.043884 1.094580 238.074487 2402.807249 1202.848801 1057.729762
0 1.114198 1.043665 226.264426 2255.761559 1199.869725 1036.976823
0 1.056429 1.078792 96.289915 1830.485311 1196.980089 929.354563
0 1.120602 1.041654 212.179169 2278.129356 1205.800472 1031.308840
0 1.095177 1.091353 103.977991 2017.954475 1209.781460 962.919376
0 1.153324 1.182187 19.435306 2463.958922 1228.087122 994.526973
0 0.113733 1.238998 40.521001 2657.363969 1236.549466 1018.681311
0 1.124906 1.125972 49.897387 2225.587352 1223.479606 977.882380
0 1.209219 1.184671 220.280207 3083.372363 1233.039760 1092.452594
0 1.136698 1.136698 126.026799 2330.777496 1221.972053 1000.409935
0 1.149744 1.149744 100.823624 2348.150010 1229.300879 1005.497490
0 1.200371 0.441867 203.129022 2917.562416 1235.558041 1079.614091
0 1.092551 1.129585 129.584949 2304.161529 1226.984363 1010.592828
0 1.088539 1.088539 104.676156 1934.245249 1212.099653 958.566009
0 1.197715 1.164509 133.780131 2787.805013 1239.301712 1048.419692
0 1.128123 1.140576 12.354795 2209.964828 1226.413947 975.843872
0 0.367954 1.074110 8.621873 1855.351382 1208.301031 929.032149
0 1.193225 0.425180 260.297657 2947.501609 1223.585552 1110.866830
0 1.174747 1.093240 230.044244 2652.884303 1226.437109 1078.683726
0 1.138362 1.172069 104.872543 2619.899244 1236.743774 1026.558940
0 1.178707 1.172752 105.312939 2621.148561 1236.762942 1026.760092
0 1.194914 1.184736 147.617830 2763.789807 1238.592968 1050.724914
0 1.123669 1.140499 87.274186 2218.051789 1221.866409 978.231013
0 1.055217 1.055217 119.295571 1752.784383 1200.308473 934.918023
0 1.183406 1.175829 168.819518 2670.463764 1235.499153 1050.634826
0 1.117398 1.154310 89.453877 2317.279988 1230.014266 997.486862
0 1.145474 1.062630 249.467530 2460.980266 1210.061111 1071.752797
0 1.147616 1.118124 124.625589 2370.763251 1226.654164 1006.265025
0 1.208179 1.180389 253.354158 3111.407977 1230.695363 1112.162073
0 1.163136 1.209429 74.284245 2467.860979 1234.890954 1008.124351
0 1.150167 1.149835 62.175962 2368.640932 1232.217668 996.389442
0 1.196233 1.148243 257.753206 2981.870403 1226.993546 1108.253682
0 1.181561 1.156363 158.704562 2649.389539 1233.558102 1041.850831
0 1.235951 1.208604 256.260613 3473.486026 1238.011007 1128.681053
0 1.190429 1.167115 216.437882 2838.658808 1231.508108 1075.549483
0 1.073981 1.139008 264.274607 2692.228771 1220.318085 1105.136504
0 1.095700 1.138936 116.207363 2301.349022 1229.120561 1002.228236
0 1.138117 1.138406 76.248647 2272.142618 1226.718518 986.370286
0 1.169691 0.385824 125.646697 2551.176507 1232.511500 1021.997211
0 1.077451 1.061989 145.524588 1889.758839 1204.657092 958.948480
0 1.082232 1.068088 50.178495 1870.624124 1212.115208 937.153726
0 1.106933 1.222284 32.997723 2060.917232 1219.788119 955.486157
0 1.038846 1.020942 94.434142 1683.813649 1195.199981 909.371391
0 1.167744 1.204500 24.993480 2445.565103 1237.493678 1004.942807
0 0.726771 1.152708 219.272578 2971.760435 1236.246860 1087.541714
0 1.093922 1.110842 64.856370 2114.425064 1224.625511 968.541414
0 1.136672 1.137901 10.224409 2188.094221 1231.177071 981.130829
0 1.095747 1.102941 198.026405 2536.990715 1230.964497 1052.366701
0 0.390777 1.117806 130.958133 2187.166247 1220.907506 987.037861
0 0.205975 1.129826 47.779964 2143.898078 1226.784239 976.233403
0 1.185202 1.163052 164.053234 2637.411003 1237.866469 1048.063656
0 1.110702 1.139241 93.621074 2219.440975 1228.667980 992.373446
0 1.101844 1.123821 95.261521 2251.767095 1226.573971 986.423159
0 1.035593 1.014578 221.468602 2116.948982 1211.298581 1030.995485
0 1.039999 1.085768 208.083591 2097.951780 1213.641791 1021.747067
0 1.126795 1.151078 40.521812 2222.105551 1231.513213 982.776679
0 0.682394 0.386568 187.816434 2911.360433 1238.972870 1069.706650
0 1.091384 0.390244 115.089034 2185.532522 1226.541823 993.382958
0 1.064058 0.997868 188.285056 1778.872838 1197.695335 970.037029
0 1.195108 1.170398 230.149745 2801.155409 1235.908997 1087.152564
0 1.168153 1.142886 227.649455 2503.037118 1228.784254 1068.322520
0 1.063072 1.164631 270.668305 2567.879730 1218.071693 1100.166002
0 1.071018 1.071741 262.746165 2585.849686 1222.665866 1095.600292
0 1.155284 1.169261 55.955889 2489.480623 1241.046958 1013.853458
0 1.048354 1.021784 149.590374 1709.138844 1195.983111 934.363980
0 1.086606 1.066551 134.016367 1896.062046 1211.519080 959.091128
0 1.117933 1.094639 174.496026 2074.192068 1217.787942 1000.339821
0 1.054346 1.047164 50.372606 1711.064918 1205.922332 910.725984
0 1.134519 1.120988 125.369576 2206.696860 1226.887557 992.934412
0 1.188364 1.188364 153.199787 2657.384902 1238.158946 1041.380063
0 0.994332 1.038760 194.138412 1757.605459 1193.913573 966.122088
0 1.086211 1.155511 243.814858 2691.844877 1227.833355 1081.458038
0 1.100230 1.109551 39.978931 1952.027423 1225.545278 955.169901
0 1.144597 1.176633 87.777426 2484.473784 1241.652800 1018.867985
0 0.284832 1.118623 107.520911 2001.951570 1223.272951 971.536912
0 0.506352 1.092491 149.683538 2234.245099 1227.640982 1004.086914
0 0.649273 1.136901 212.636324 2431.180050 1226.611488 1045.643519
0 0.384481 1.171785 118.996794 2226.569127 1233.003720 999.302372
0 0.400401 1.149996 124.125873 2275.585550 1234.453449 1005.966360
0 0.836388 1.157553 239.746046 2969.369259 1241.890195 1103.012947
0 1.053763 1.045306 65.006261 1695.227705 1206.317995 911.425843
0 1.159710 1.138978 96.877033 2349.948864 1235.004576 1003.172562
0 1.112273 1.094042 57.711660 1957.039499 1227.246538 961.517175
0 1.183599 1.183599 112.105878 2545.274964 1242.330269 1027.064400
0 1.148478 1.150323 162.906900 2301.472793 1229.431457 1015.826710
0 1.195260 1.168510 246.043058 2800.526065 1233.712483 1092.318716
0 1.194788 1.169272 190.687285 2697.852666 1238.599966 1060.130393
0 0.851826 1.114382 245.064042 2564.073502 1232.524255 1085.792885
0 0.870070 1.178506 246.600171 2953.481381 1240.325113 1103.980849
0 0.727585 1.186199 275.990904 2687.692291 1227.421147 1114.108367
0 1.091242 1.026714 204.172489 1923.468030 1206.762339 994.004776
0 1.171061 1.142834 138.554842 2443.708531 1236.542341 1022.627194
0 1.212012 1.188366 265.299119 3053.345146 1235.912131 1116.070543
0 1.142666 1.109802 195.049765 2208.799619 1225.522399 1026.079529
0 1.191343 1.110032 267.179159 2807.579764 1229.663465 1105.731494
0 1.081552 1.083083 228.385918 2503.957238 1228.956864 1060.405586
0 1.152898 1.169852 84.508188 2517.372049 1241.387100 1018.362356
0 0.703511 1.059677 239.610089 1962.344833 1204.575751 1024.644065
0 0.751413 1.165272 258.569298 3057.368868 1242.705853 1118.211553
0 1.133169 1.097845 230.834447 2194.608156 1218.132007 1040.286997
0 1.148785 1.036931 234.876429 2354.317857 1222.897956 1053.585937
0 0.521642 1.161002 156.571657 2080.781448 1225.066679 994.916585
0 0.678177 1.136774 222.665711 2467.746363 1229.459461 1054.821849
0 1.153677 1.082665 258.749416 2354.640354 1219.638545 1074.433896
0 1.127048 0.386012 35.349090 2111.032767 1230.254738 966.608245
0 1.034913 1.033351 230.400505 2083.988821 1217.134133 1033.455229
0 1.038819 1.035354 112.786509 1578.305000 1202.755149 910.856401
0 1.033519 1.010418 8.035223 1474.118229 1197.756543 868.967923
0 1.186545 1.259881 63.338166 2507.735881 1245.592188 1017.739446
0 1.179198 1.177321 13.152444 2400.556624 1244.352578 1006.442841
0 0.795948 1.079153 222.967761 2302.939571 1227.108930 1047.239206
0 0.342625 1.080513 111.132079 1814.772038 1221.377156 953.322347
0 1.150262 1.072677 237.539466 2316.863508 1227.274005 1057.083196
0 1.142158 0.416491 175.204642 2157.134969 1232.105537 1016.416200
0 1.073436 1.082520 32.374578 1790.152686 1222.846599 933.671648
0 1.086681 1.112626 82.195601 1942.950792 1230.379471 966.674368
0 1.108715 1.116739 82.239050 2031.462711 1234.245982 978.718071
0 1.102142 1.132343 90.803653 2114.953224 1234.876415 983.291409
0 1.098194 1.177892 233.159689 2527.026886 1236.192324 1072.186259
0 1.039932 1.051482 43.297535 1624.766407 1212.448167 905.244589
0 1.156597 1.137583 223.277628 2290.694024 1231.777129 1051.390095
0 1.163074 1.163074 190.655903 2373.570723 1236.994665 1038.042414
0 0.776515 1.050624 255.602444 1885.816987 1199.528554 1030.429236
0 0.880050 1.118472 230.324212 2311.524872 1229.677448 1052.982132
0 1.161194 1.106539 235.859414 2340.804597 1231.428322 1062.469867
0 1.180629 0.435631 263.313942 2629.865307 1232.998316 1094.928134
0 1.151826 1.132133 198.451139 2269.959415 1233.458508 1033.904539
0 1.008148 1.006091 2.324898 1438.772338 1198.060863 863.270273
0 1.120109 1.121054 69.415260 2021.785484 1232.675542 966.018931
0 1.172396 1.093157 237.975249 2465.583897 1235.169230 1070.493410
0 1.213881 0.482322 269.025833 2923.397177 1241.967805 1118.103095
0 1.179759 1.140119 180.213334 2456.122651 1242.104529 1044.265179
0 1.183010 0.349905 48.195918 2445.297639 1246.471967 1011.913284
0 1.066607 1.026491 227.609052 1737.601545 1198.397447 988.921835
0 1.100104 1.093511 222.112261 2540.360713 1237.121931 1062.302361
0 1.102847 1.070337 263.357260 1937.427819 1203.957972 1042.998371
0 1.036136 1.155808 12.559313 1541.078162 1209.124943 887.939566
0 1.190436 1.125876 277.344073 2717.092369 1235.132362 1110.231021
0 1.183841 1.155737 230.403255 2523.617535 1240.270588 1071.741592
0 1.041326 1.065841 37.880003 1541.601872 1210.990914 893.840945
0 1.124994 1.181650 128.977037 1989.967862 1232.755725 983.364069
0 1.191799 1.176170 137.180348 2526.203428 1247.304719 1035.697059
0 0.996466 1.006474 187.022781 1626.105733 1203.866292 952.678030
0 1.023018 1.086233 293.432148 2176.616344 1202.071990 1090.275305
0 1.120131 1.128461 6.547884 1995.447084 1232.337880 957.092536
0 1.063198 1.062312 121.574798 1639.675040 1214.955389 930.304230
0 1.105186 1.087608 87.614963 1874.817403 1227.113340 953.153800
0 1.061710 1.117491 223.194060 2118.455223 1229.960260 1038.522179
0 0.979754 1.005879 76.586625 1421.441049 1198.215122 869.886927
0 1.112465 1.142566 81.980561 2143.019455 1239.874637 985.658949
0 1.051945 1.059285 193.010744 2054.093355 1228.100247 1007.501180
0 1.070040 1.107363 160.897324 2019.501840 1232.826304 997.935973
0 1.016910 1.017532 222.858593 1839.128489 1213.497456 1002.503658
0 1.018936 1.006097 76.040710 1452.594411 1200.125455 876.137368
0 1.098689 1.052108 205.760188 1848.967879 1219.343693 995.301821
0 1.172906 1.172906 38.625795 2291.743041 1247.125590 1000.999692
0 1.014013 1.026435 265.487383 1944.424154 1206.237308 1039.372373
0 1.091759 1.119982 90.693513 1988.006931 1232.539575 964.175739
0 1.048661 1.084093 156.283172 1810.381371 1226.209084 972.085311
0 1.075290 1.085233 271.481257 2408.079597 1229.855784 1086.828202
0 1.169190 1.142140 227.065511 2374.091543 1239.479288 1057.197649
0 1.177912 1.177912 100.057331 2328.277887 1247.797511 1013.596902
0 1.076982 1.071651 162.378204 1976.931253 1230.377472 990.036707
0 1.101365 1.101391 49.690755 1802.441002 1232.029203 943.927499
0 1.165182 1.035465 294.559787 2364.846012 1224.005322 1107.771901
0 0.993041 1.021438 104.929825 1442.610649 1203.408201 885.009865
0 1.153957 1.171517 47.944163 2253.906409 1248.218741 999.402201
0 1.028284 1.031919 7.679709 1459.076452 1208.055266 873.950265
0 1.101206 1.117099 43.908133 1787.451240 1230.025378 939.844421
0 1.001364 0.974942 277.436790 1868.157526 1203.303755 1045.106657
0 1.089094 1.091535 16.111753 1732.969675 1231.804798 934.561603
0 1.172560 1.179062 76.079470 2248.581692 1248.939387 1003.172076
0 1.132975 1.193191 275.487895 2954.885823 1247.411810 1120.516876
0 1.067527 1.031095 223.200074 1657.376749 1207.738337 978.668914
0 1.158680 1.127170 296.307796 2300.340335 1223.066807 1097.896306
0 1.132262 1.044885 291.120740 2095.388041 1213.993998 1076.211815
0 1.106909 1.116072 131.836746 1873.684947 1230.661276 961.622877
0 1.152760 1.084503 299.524007 2235.743022 1219.035170 1097.837143
0 1.220469 0.400452 279.067367 2855.025971 1246.600574 1117.672249
0 1.119017 1.066914 258.616648 1936.670571 1219.045381 1037.882801
0 1.058697 1.036273 112.143265 1551.544485 1219.909649 917.665028
0 1.076148 1.111140 192.054348 1996.673019 1238.930273 1014.684485
0 1.105021 0.415589 4.439721 1775.056824 1236.949846 941.131530
0 0.975876 0.990033 31.443183 1294.806101 1195.988410 834.710378
0 0.980349 1.013158 149.828879 1415.536871 1201.508343 896.935011
0 1.053514 1.003458 239.163555 1568.665630 1197.897802 973.817023
0 1.094374 1.057126 283.519101 1806.762374 1204.370245 1043.653853
0 1.097864 1.013817 277.540094 1819.154982 1208.597764 1040.240023
0 1.111992 1.143156 12.631908 1844.033269 1239.602485 945.534931
0 1.193901 1.113198 266.006457 2502.342727 1246.437851 1092.590852
0 1.145858 1.056189 266.440463 2125.018661 1232.650585 1061.757195
0 1.109981 1.170496 5.036403 1828.333382 1239.472539 943.350749
0 1.082372 1.106317 113.506527 1808.530906 1240.071561 965.707065
0 1.105595 1.140565 198.018629 2229.996305 1247.419106 1034.879013
0 1.107203 0.488076 220.233728 1781.501220 1228.057593 1001.919560
0 0.999531 0.993752 90.757985 1315.449305 1200.457669 853.314129
0 1.108104 1.054541 194.864861 1841.785723 1229.161443 985.841159
0 1.066032 1.071440 4.433826 1559.508345 1228.386560 904.712130
0 1.017335 1.033365 152.854470 1370.185509 1204.849679 892.785234
0 1.033688 1.154047 41.812007 1407.957814 1218.102524 877.598081
0 1.138720 1.178482 91.344339 2170.801676 1249.205373 994.588224
0 1.090889 1.111988 188.577519 2078.530410 1241.722891 1011.435731
0 1.162161 1.081651 274.633015 2234.668125 1236.211274 1073.456242
0 1.043881 1.003880 240.287204 1484.380937 1201.199087 964.230428
0 1.122944 1.113256 161.163911 1872.926160 1240.379207 983.060883
0 1.128179 0.994103 290.980714 1937.198953 1222.044316 1067.804577
0 1.173617 1.159060 102.277830 2169.493427 1253.478683 1004.239615
0 1.092796 1.079785 79.960210 1694.175312 1236.431643 934.083252
0 1.154792 1.144174 48.223901 2054.482612 1251.099399 980.394807
0 0.947802 1.059722 301.819722 2280.577322 1234.180781 1101.502982
0 0.561339 1.092272 190.953893 1872.474931 1237.268931 992.025733
0 1.050623 1.073688 129.684104 1693.232116 1232.973160 946.338958
0 1.063218 1.090283 292.499040 2264.837442 1233.652744 1086.634398
0 1.084421 1.105039 35.912223 1688.224892 1233.721323 919.888553
0 1.091816 1.137054 239.951455 2252.270907 1245.005589 1055.436018
0 1.114448 1.180009 282.527532 2589.284146 1248.752339 1105.150550
0 0.997138 0.993277 0.969256 1253.400075 1208.137264 838.751488
0 1.042077 0.962328 204.264102 1451.739801 1210.083566 937.340244
0 1.099898 1.061558 135.335201 1696.249068 1236.866648 953.865283
0 0.998060 0.993334 263.113518 1639.993691 1211.207192 1005.346708
0 1.108070 1.125460 36.414609 1819.307136 1242.429357 946.008024
0 1.101014 1.020263 308.210114 1772.995540 1203.689864 1065.436675
0 1.045908 1.056560 7.408157 1424.486530 1225.600651 883.387847
0 1.174986 1.174986 308.779912 2295.496209 1237.094037 1111.713137
0 0.953635 1.009174 164.132407 1320.164568 1201.305608 884.287467
0 0.975153 1.035496 93.529459 1293.860023 1207.379751 857.099388
0 0.458553 1.027101 168.922217 1520.656309 1221.513771 933.503100
0 0.251711 1.081973 39.060029 1489.582371 1227.286565 894.905837
0 0.898539 1.015628 256.092150 1951.643250 1234.855456 1041.195737
0 1.101341 1.105966 256.955746 2328.529726 1249.986419 1073.839454
0 1.069342 0.405991 235.961236 2054.400348 1239.979140 1032.276703
0 0.980898 0.983044 214.273990 1482.663435 1214.018070 950.104303
0 1.004645 0.994318 154.630321 1417.176072 1220.234037 912.780665
0 1.138163 1.148760 62.596342 1957.010896 1252.274982 974.844284
0 1.104579 1.088683 143.404876 1693.354061 1239.943307 958.189385
0 1.105370 1.122699 146.147962 1728.886848 1240.042350 959.813707
0 1.163308 1.074875 312.714904 2247.840178 1234.539715 1105.931285
0 1.166308 1.083380 288.044377 2193.525675 1242.110190 1084.267021
0 1.112472 1.129638 48.036295 1700.246107 1245.132912 942.726473
0 1.164780 1.108933 231.039032 2141.384749 1249.167105 1044.027418
0 1.203765 1.203765 265.212757 2455.139153 1254.917336 1090.675401
0 1.072267 1.105072 235.774779 1976.513896 1240.884084 1027.101304
0 0.982217 1.003037 237.980034 1493.150324 1214.853954 967.952215
0 0.769070 1.103457 255.472815 1713.276126 1228.556835 1014.315401
0 0.475553 1.125265 166.244021 1843.397920 1245.296916 982.147116
0 1.126605 1.050142 265.195397 1902.930164 1235.319040 1037.933975
0 1.166795 1.146065 166.573901 2073.752870 1254.470363 1014.110175
0 1.097587 1.065141 230.984149 1663.459344 1231.439732 992.737978
0 1.192745 1.166185 209.886922 2276.935834 1257.735345 1050.798821
0 1.046457 0.997903 216.775423 1421.534698 1212.562316 940.487341
0 1.075015 1.071837 27.810781 1533.487209 1235.111755 903.999882
0 1.135824 1.102176 221.093444 1841.112786 1244.459562 1015.485382
0 1.001075 0.976520 171.491522 1231.709146 1204.231653 878.465067
0 0.997414 0.981727 79.509638 1227.245685 1211.407783 842.571960
0 1.127460 1.125790 15.488568 1818.073012 1250.753048 950.895454
0 1.076663 1.115074 18.988182 1584.576871 1237.113403 906.086265
0 1.062179 1.062179 273.318282 1484.816145 1208.893593 995.239093
0 0.996587 1.000390 42.442711 1243.758995 1217.440067 845.925601
0 1.025199 1.020381 183.958491 1547.588076 1233.557767 954.075830
0 0.989994 1.022413 220.854669 1456.598100 1219.321860 952.230222
0 1.044667 1.055027 277.298599 1911.930457 1236.026614 1047.613861
0 1.204401 1.101461 310.729593 2515.888381 1249.595156 1120.156012
0 1.160723 1.160723 164.313351 2026.412391 1252.067963 1004.515373
0 1.004678 0.991355 310.569679 1716.387114 1211.769141 1058.033389
0 1.021808 1.021808 19.311474 1299.030357 1223.135353 856.150658
0 1.088265 0.954660 297.149954 1612.323582 1213.353212 1034.790227
0 1.244840 1.030058 269.219826 1697.778317 1230.981676 1025.282635
0 0.948021 1.147435 30.664257 1830.072810 1253.823889 957.888497
0 0.961305 1.055032 50.883677 1147.625449 1207.268674 816.444240
0 1.127594 1.071114 186.394214 1747.548619 1247.761678 989.131089
0 0.945984 0.979353 152.456643 1175.738181 1205.389589 857.434344
0 1.052635 1.047335 324.006291 2046.752290 1233.035060 1104.565584
0 1.051077 1.069121 123.345314 1552.156016 1239.346020 928.239786
0 0.749135 1.023681 258.894448 1442.687442 1213.793525 974.059048
0 1.099047 1.098432 67.144887 1646.324135 1244.455902 925.686891
0 0.954971 0.961211 236.708362 1300.008026 1203.324253 927.011574
0 1.053249 1.073744 67.776344 1472.895348 1235.503570 895.056626
0 1.072091 1.068991 19.412003 1459.497079 1238.711056 896.593348
0 1.097062 1.097062 173.257514 1630.891825 1239.860256 954.466878
0 1.099148 1.039502 192.834814 1663.893380 1238.961617 965.099099
0 1.143424 1.148937 30.566631 1871.416796 1254.554779 958.736966
0 1.082431 1.001795 299.599276 1549.564713 1214.306316 1028.362732
0 1.105650 1.055559 243.469410 1701.421927 1237.977877 1001.113490
0 1.154994 1.127362 230.956480 1978.107918 1253.090018 1030.183709
0 1.050505 1.045490 146.535283 1564.253875 1241.771296 938.108477
0 1.047501 1.104313 255.076470 1816.875938 1243.932838 1026.328696
0 0.827747 0.467313 272.765707 1861.241949 1242.407503 1044.778615
0 0.679257 0.979463 245.570952 1313.297193 1205.985842 939.697696
0 0.965620 1.012983 278.490296 1404.827230 1207.987436 984.009876
0 1.069386 1.132849 328.718195 2173.113408 1241.848556 1115.095457
0 1.091317 1.001021 285.532382 1595.121196 1224.316916 1021.016171
0 0.198699 0.972117 94.646478 1071.811479 1201.341673 804.682035
0 1.069889 0.941272 327.161831 1585.946368 1203.937665 1052.924350
0 1.101136 0.451954 329.638163 2241.612049 1245.061216 1114.392995
0 0.964742 0.965150 238.982822 1301.734167 1215.406167 935.571087
0 1.023621 1.077800 345.868247 1839.856488 1217.618926 1102.477574
0 1.000345 1.002180 183.468863 1352.645201 1232.832524 919.081589
0 1.005245 1.033050 124.994483 1296.557103 1233.177517 883.819608
0 1.045941 1.045384 12.459876 1315.502475 1238.612138 869.915804
0 0.966325 0.969226 22.449296 1067.859803 1209.141402 792.041822
0 1.023969 1.035709 207.016270 1518.749684 1237.654969 953.451179
0 1.116246 1.140239 315.031989 2402.445329 1262.380548 1117.798831
0 1.082015 1.089487 142.337163 1498.960222 1243.075363 924.285058
0 1.017810 1.070498 313.796671 1665.877341 1229.087280 1050.272921
0 1.030314 0.955124 272.622305 1268.713008 1206.601342 953.161083
0 0.980540 1.029828 312.713187 1488.887679 1214.048098 1024.402010
0 1.019521 1.056019 270.854878 1644.638417 1237.664748 1008.373618
0 1.042737 0.463945 129.563729 1464.089302 1247.997737 924.497167
0 0.416459 0.959985 124.371732 1093.046830 1212.276682 826.671259
0 0.452812 1.049066 183.866354 1487.155240 1239.685667 935.235541
0 1.086978 1.108051 74.839978 1502.768968 1247.935716 909.850233
0 0.969278 0.985767 113.361741 1142.372260 1218.432529 835.085251
0 1.030539 1.046730 213.375194 1489.640041 1241.231148 958.213684
0 1.084939 0.481140 334.520142 2201.113364 1252.443649 1116.394865
0 1.127917 0.955109 346.640019 1742.585425 1225.384422 1098.041947
0 1.065033 1.039970 192.960443 1363.866811 1238.796747 931.492359
0 1.177199 1.085083 346.979577 2095.243740 1247.389103 1127.528159
0 1.118804 1.118804 274.278140 1678.910543 1245.717356 1023.161421
0 1.187227 1.120524 309.337692 2141.717205 1259.741218 1096.481012
0 1.168440 1.066682 323.778133 1974.999431 1249.474598 1094.250689
0 1.131691 1.098424 148.961479 1721.736330 1257.593663 965.158725
0 0.345007 0.965058 90.095350 1098.667189 1219.768826 818.289404
0 0.780611 0.977143 270.299938 1393.122075 1228.549519 978.137305
0 0.938029 1.101169 329.697792 1831.321617 1240.010783 1079.342477
0 0.699746 1.072570 245.127272 1632.140122 1249.993125 1002.449256
0 1.007912 1.013638 124.348564 1152.917174 1227.558788 849.825326
0 1.032608 1.088761 185.583193 1424.888240 1247.851412 942.701806
0 1.040329 0.477432 166.233175 1445.939515 1249.750115 936.002023
0 0.934273 0.947610 152.223215 1039.056018 1212.672356 828.614606
0 1.097653 1.052447 354.115572 1563.588498 1210.609405 1082.469609
0 1.110290 1.010074 310.370581 1588.721462 1238.610655 1042.088121
0 1.142970 1.078356 266.211452 1770.526107 1257.038432 1031.611722
0 1.103358 1.130989 363.033259 1740.577192 1221.460839 1115.960494
0 0.523719 1.061887 223.211012 1591.224019 1253.575818 982.806852
0 0.743049 1.014866 239.827165 1308.941443 1233.909624 947.236448
0 0.773645 1.015651 240.105029 1456.946765 1246.002441 976.567132
0 1.100663 1.079144 67.613077 1405.948559 1252.008283 897.403794
0 0.872762 1.112335 208.338201 1712.266796 1260.640450 994.568677
0 1.024196 1.041111 272.435965 1525.021712 1244.293367 1004.989548
0 1.059754 1.113401 100.484498 1453.652645 1253.885437 913.831912
0 1.053182 1.070829 260.803419 1638.308271 1250.897127 1013.076768
0 1.076096 1.073705 153.984643 1624.823347 1256.247887 952.747358
0 1.116502 1.131493 54.892203 1686.383903 1261.370088 941.829230
0 1.169954 1.169954 342.260477 1970.634792 1251.773513 1111.447045
0 1.067207 1.182674 46.846212 1360.360247 1249.036247 888.468700
0 0.198572 1.059691 64.540401 1324.960489 1245.626317 879.063696
0 0.937508 1.116271 330.167573 2107.342118 1256.478062 1102.969045
0 1.137437 1.091506 189.889773 1700.393846 1262.177018 985.610665
0 1.035525 0.986903 308.793782 1625.298312 1242.057216 1044.036780
0 1.098343 1.131649 42.931075 1571.442829 1258.807982 924.103160
0 1.166096 1.150465 198.614003 1876.805315 1264.734379 1008.708544
0 1.046687 1.015322 211.199114 1268.014715 1236.179089 919.760784
0 1.027149 1.178463 29.466425 1177.821307 1240.636393 845.934944
0 1.073127 1.067403 182.254734 1358.253103 1245.305299 925.066396
0 0.576565 1.068308 202.185734 1654.805522 1260.858012 981.904777
0 1.083138 1.087978 132.862827 1377.831467 1254.021577 917.020561
0 0.930390 0.943630 90.474246 948.092556 1212.432447 779.509952
0 1.119629 1.137788 78.414056 1665.352093 1266.931588 951.268151
0 1.048403 1.063468 276.148913 1626.697825 1251.172642 1019.187258
0 0.986158 0.977263 261.206186 1328.355590 1233.718509 961.619465
0 1.094789 1.111909 48.566961 1508.686241 1257.656330 911.154550
0 1.106081 0.973975 368.032266 1581.725345 1211.000865 1100.600680
0 0.955113 1.056065 72.045352 999.052820 1222.340250 795.337852
0 1.100990 1.169054 257.045538 1913.793723 1264.494130 1038.278024
0 1.068061 0.999581 271.283159 1340.246323 1234.095907 971.147940
0 1.050561 1.043399 346.410673 1836.355922 1249.212899 1098.434587
0 1.121855 1.131519 118.451691 1740.129780 1269.356467 969.007380
0 1.035509 1.054049 111.050510 1360.333068 1252.517829 896.269398
0 1.029445 0.996618 207.739272 1184.594835 1233.684485 899.597187
0 1.118417 1.038553 335.258589 1594.834267 1240.609252 1064.551619
0 1.038783 1.035332 94.433335 1245.169575 1245.317650 864.253527
0 0.860149 0.964814 315.073434 1334.251435 1220.973908 1001.674125
0 1.050779 1.068857 0.473351 1283.481157 1250.668367 864.186327
0 1.112925 1.126288 50.447311 1522.660948 1264.638842 923.912151
0 1.104693 1.104693 322.284255 1503.754306 1241.118826 1040.509442
0 1.134388 1.098990 306.197016 1691.647352 1252.980930 1044.929828
0 1.127439 1.108712 231.022238 1639.470780 1259.506865 990.191605
0 1.094010 1.123382 360.645345 2185.459836 1260.465823 1135.847471
0 1.094040 1.120459 336.376813 2108.617747 1263.654713 1107.427231
0 0.926358 0.911359 100.077175 878.143732 1205.376636 753.812926
0 1.027482 1.114943 311.385163 1584.959419 1246.427532 1034.663542
0 1.089928 0.912020 369.753680 1475.705867 1206.383089 1082.614420
0 1.022789 1.059573 262.458881 1421.367514 1250.070121 983.860204
0 1.018932 1.032074 90.596223 1249.776082 1248.996048 866.630553
0 1.039922 1.042029 317.854872 1657.249757 1251.907358 1051.364080
0 0.949404 0.990299 335.295283 1259.587564 1207.116418 1007.383454
0 1.039044 1.119836 280.125872 1563.762594 1253.256581 1013.922346
0 1.074977 1.077823 297.084770 1830.502439 1262.083452 1055.441187
0 0.925194 0.922794 30.850380 878.554797 1206.448430 736.341305
0 1.182708 0.444096 302.684571 1976.986862 1266.390812 1074.290761
0 1.084789 1.135874 350.387844 1996.907749 1267.443627 1122.139720
0 1.127329 1.101629 277.697589 1568.473826 1261.289599 1022.468086
0 0.969158 0.944803 183.241799 981.739277 1216.303918 828.270494
0 1.015338 1.004924 139.413720 1116.753341 1238.121905 852.997642
0 1.153569 1.008852 354.660407 1841.825946 1251.863225 1103.860723
0 1.058732 1.006814 340.944106 1308.636724 1211.962735 1022.248711
0 1.129344 0.997925 313.570867 1654.251739 1251.573653 1045.798134
0 1.088032 1.036236 355.007303 1430.682323 1221.324980 1061.697370
0 1.119168 1.048493 324.576643 1561.432943 1247.943162 1050.727465
0 1.019671 0.485196 128.000169 1208.790461 1256.174470 889.571463
0 1.101466 1.189603 312.310800 1970.854996 1275.618155 1092.926514
0 1.109804 1.130661 163.861490 1499.641675 1266.109027 948.931720
0 1.103241 1.029945 272.278917 1491.260452 1255.855343 999.774124
0 0.964811 0.993514 152.660050 1080.920310 1230.824652 842.564501
0 1.107155 1.131977 185.788806 1739.331369 1268.803751 989.389818
0 0.843850 0.973943 331.714645 1275.374431 1225.768084 1020.548896
0 0.744797 1.091331 294.303667 1818.886881 1273.334580 1065.831010
0 0.230965 1.112011 99.958602 1544.852356 1273.857989 944.954012
0 1.196382 1.159022 349.827460 2080.546238 1269.877316 1125.904592
0 0.601044 1.114609 260.867624 1785.912790 1275.285936 1040.360860
0 0.978298 1.056270 357.779113 2347.017463 1278.432198 1152.806843
0 0.994877 1.087151 242.629754 1638.730849 1271.354605 1010.995728
0 0.635991 1.007248 250.586980 1296.065954 1245.117270 952.846172
0 0.974428 0.935306 238.724357 972.768448 1215.069759 869.413512
0 1.204118 1.081836 357.004412 2126.186064 1273.623123 1139.417013
0 1.170684 1.139866 245.124246 1816.857336 1277.630559 1036.273922
0 0.982909 0.964969 288.382262 1262.887899 1235.138411 971.728096
0 1.145817 1.093665 371.971157 1706.271601 1246.746853 1122.682818
0 1.102913 0.487883 230.807631 1397.694752 1263.847731 975.338203
0 1.092013 1.128607 111.906693 1513.897497 1274.138977 945.612185
0 0.938180 0.939138 216.642966 1006.599374 1227.611643 870.506023
0 0.543057 1.038309 368.047589 1439.516494 1224.137374 1084.391787
0 0.960255 1.095602 145.669967 1259.462176 1257.680826 901.188766
0 1.105912 0.979438 312.730755 1443.116823 1253.614883 1033.024709
0 1.185126 0.485122 333.020161 1958.302689 1274.143238 1104.326946
0 0.999411 1.011430 29.326740 1056.467075 1247.195825 823.457955
0 1.029898 1.183903 80.921228 1167.108921 1257.746516 868.436723
0 1.076311 1.150977 263.660553 1698.883573 1273.596683 1031.166117
0 1.078452 1.064434 356.458079 2274.716055 1276.731677 1144.444715
0 0.961604 0.941275 110.927433 918.256023 1228.728034 792.892600
0 1.174485 1.051291 358.898019 1885.777185 1266.665160 1121.367888
0 1.209998 1.209998 369.385817 2178.840703 1275.958877 1151.382288
0 1.100744 1.047238 369.117059 1427.047687 1228.571624 1082.756786
0 1.008966 1.014450 19.672634 1059.140771 1247.348914 820.529029
0 1.000939 0.996237 117.311924 1024.925436 1241.679294 829.849662
0 0.427190 1.104003 182.657525 1277.025801 1264.059824 929.395890
0 0.566164 1.027897 219.065416 1374.901004 1265.127045 958.389775
0 0.918900 0.906917 291.543617 1012.451074 1220.812520 924.823395
0 1.053197 0.483283 95.691155 1179.596824 1261.517462 870.972517
0 1.132567 0.950906 377.105529 1558.227859 1246.431280 1106.708126
0 1.040834 1.009407 179.941908 1173.334736 1253.960046 887.520678
0 0.774556 1.032360 284.311758 1437.428549 1267.010807 1008.776976
0 1.086811 1.020397 269.255926 1347.628222 1260.038500 975.531734
0 1.079839 1.079839 179.920052 1297.045646 1268.558187 924.045162
0 1.181123 1.082511 361.141849 1857.305621 1275.067912 1119.130877
0 0.951761 0.951761 62.419659 862.381864 1233.939789 764.855559
0 0.984352 0.960791 392.258701 1351.570900 1214.775698 1102.048558
0 1.023150 1.041326 78.965344 1139.333011 1263.205894 856.966666
0 1.131179 0.533920 334.899164 1507.416789 1265.955307 1061.089831
0 0.974646 0.893937 375.363205 1281.443902 1222.816017 1062.769386
0 0.986732 1.002707 184.994202 1068.960683 1255.035276 880.073015
0 1.061161 1.165243 380.820587 1764.158272 1265.720527 1129.261483
0 1.071655 1.085940 130.777426 1365.936777 1276.502330 923.792107
0 1.020827 1.024204 30.561518 1080.830086 1259.183750 829.675577
0 1.155744 1.155744 363.048642 1650.173550 1268.089544 1103.303357
0 1.123854 0.486079 234.108989 1480.021843 1276.869831 985.802487
0 0.886928 0.894942 152.491340 782.038394 1212.711354 752.939448
0 1.102999 1.112837 313.868534 1821.467722 1280.362795 1075.911352
0 0.844261 1.096437 320.988501 1705.898136 1279.173624 1072.133279
0 1.070202 1.034721 249.345576 1202.344108 1261.659681 949.486419
0 1.133276 0.945391 385.569165 1536.103615 1247.545524 1112.231291
0 1.119232 1.119232 377.214496 1474.315417 1246.260958 1092.446783
0 1.152106 0.418365 231.522295 1608.706591 1280.334429 1003.811113
0 0.394389 1.105896 193.222316 1468.833594 1280.056929 966.215955
0 0.507519 1.025622 364.575997 1255.809033 1233.206057 1044.930208
0 0.940108 1.011479 302.537784 1409.284643 1267.264332 1017.530051
0 1.043206 1.113489 149.719855 1504.789338 1280.877258 953.417054
0 0.973688 1.164998 364.390111 2049.374705 1281.849070 1131.038753
0 0.360623 0.911111 76.258766 792.791283 1222.815946 730.345829
0 0.270026 1.051480 122.370659 1234.704603 1268.729767 887.126672
0 1.078967 0.942931 384.531115 1277.787588 1223.230686 1072.329379
0 1.091528 0.992508 287.227027 1325.550095 1263.063512 987.421089
0 1.161535 1.104304 277.650504 1676.041165 1281.101595 1034.962203
0 1.077160 1.037175 348.405766 1255.801196 1243.158633 1028.135241
0 1.082173 1.019923 247.335064 1228.593861 1268.080133 955.700766
0 0.910388 1.149222 372.601216 1625.664226 1266.356949 1100.508458
0 0.997196 1.086722 338.408116 1265.575704 1255.479976 1025.309182
0 0.985165 1.032350 391.704234 1311.213113 1228.427478 1085.494625
0 1.018092 1.042899 94.488850 1133.669116 1265.817251 854.611971
0 1.035473 1.039870 317.272213 1436.698295 1268.180470 1026.007832
0 1.093197 0.440982 172.006940 1470.528701 1282.376887 958.870882
0 1.069511 1.125859 193.454230 1444.954674 1280.161537 959.210200
0 0.940908 1.029918 389.637253 1817.986952 1273.972523 1138.838630
0 0.876786 0.861347 189.322156 758.737231 1213.133080 765.147153
0 1.069203 1.021767 401.585829 1769.807255 1263.760277 1150.000285
0 0.695919 0.939592 276.976831 1007.347809 1243.075818 915.841308
0 0.449748 1.055736 181.888372 1344.528817 1280.697237 942.942864
0 1.098646 1.021281 318.753313 1302.029435 1265.723358 1015.984735
0 1.025531 0.995780 226.439997 1031.998529 1255.641107 890.887252
0 1.071173 1.061062 208.616897 1202.640558 1271.336349 922.424244
0 0.327549 1.033636 83.291246 1119.463085 1271.212184 858.055058
0 0.885536 0.887988 26.632045 693.502493 1215.604964 681.352127
0 0.997660 0.979045 106.979095 948.015848 1256.518127 813.305436
0 1.068824 1.068824 264.105038 1171.810203 1265.887670 951.125713
0 1.114089 1.053328 314.928351 1395.020147 1270.440201 1020.542346
0 1.128901 0.467619 282.295489 1468.876345 1278.247822 1008.606631
0 0.954562 0.951164 101.592088 830.212620 1243.805175 765.955716
0 1.098861 1.005278 330.201937 1308.259652 1267.317791 1021.939952
0 1.043394 0.932683 390.497896 1522.478907 1263.136710 1109.050758
0 1.097415 0.470560 323.411988 1684.663025 1288.565675 1072.202308
0 0.922128 0.919683 19.728176 750.250036 1233.714053 714.680338
0 1.001117 1.017208 323.736772 1247.981648 1263.610594 1002.647685
0 1.058855 0.591126 399.206142 1632.579508 1270.692290 1134.830542
0 1.071491 0.964972 369.832813 1178.856937 1243.950862 1039.136499
0 0.872724 0.885971 206.501206 741.486799 1216.809253 767.790603
0 0.928996 1.013882 331.961550 974.070139 1233.858785 953.785909
0 1.027258 1.016722 329.154745 1342.481922 1273.346571 1027.416523
0 1.146134 0.954692 380.327317 1537.335111 1273.550232 1100.004464
0 1.104482 1.059756 166.121273 1296.156154 1285.091181 929.897675
0 0.979423 0.954121 314.368653 1096.676305 1255.567333 968.808950
0 0.996490 0.997997 326.383146 1184.250304 1260.695451 995.200478
0 0.970912 1.009354 384.731426 1156.944141 1234.932634 1046.559388
0 1.095850 0.527986 398.059078 1865.546457 1285.431805 1147.774066
0 1.054565 0.947718 375.273383 1110.748469 1234.991272 1026.353297
0 1.020105 1.020105 1.342653 1011.097077 1270.403748 816.545426
0 1.020784 1.065206 400.275843 1399.074146 1258.077472 1107.582776
0 1.018270 1.052660 135.625062 1103.810803 1276.386178 871.452940
0 1.116339 1.092258 222.660913 1350.094038 1283.718446 960.287198
0 1.066767 1.028889 408.498546 1729.629727 1275.838824 1147.431122
0 0.982592 1.041884 100.847816 965.701047 1264.830345 813.289480
0 1.031994 1.029490 344.802429 1387.544029 1273.380715 1042.972822
0 0.891944 0.907606 20.112307 662.396275 1221.910508 670.494063
0 1.128209 0.996080 401.075082 1101.468009 1224.051837 1063.238070
0 0.940936 0.973676 52.870416 764.527383 1247.037694 735.115601
0 0.979117 0.989665 243.457699 1023.553578 1265.751416 899.131020
0 0.949432 0.912899 228.566983 773.783046 1237.061775 809.257160
0 0.774364 0.919538 342.511690 1193.675552 1267.813753 1013.982914
0 0.887158 0.970364 389.055306 1353.802177 1270.058974 1086.488871
0 0.589198 0.940654 337.931982 868.168804 1227.836192 928.843568
0 0.929787 0.843828 303.467335 736.684426 1208.648343 843.190009
0 1.197611 0.893822 432.925995 1363.149449 1232.337452 1145.313452
0 0.856537 1.028779 376.910545 1142.967198 1251.540570 1033.374096
0 0.079897 1.088412 27.715197 907.167850 1267.550439 792.329959
0 0.974286 1.073836 405.344546 1151.183653 1236.716027 1068.088766
0 1.118178 1.099965 113.479259 1302.677574 1294.329976 920.728503
0 0.238835 1.122388 102.215724 1173.358419 1289.019923 886.456270
0 0.533344 1.072423 256.854445 1114.413142 1279.250084 937.991160
0 0.896536 0.971960 266.294625 963.147440 1265.535451 905.041057
0 1.011305 1.049670 411.835012 1290.157627 1256.364230 1097.325727
0 1.034449 1.142978 407.039576 1466.917728 1274.000941 1111.090249
0 0.344706 1.001805 150.906202 1004.098792 1277.789480 856.104088
0 0.877307 0.899326 17.601936 620.597050 1223.622749 648.132491
0 1.009588 0.909563 366.077064 1200.117873 1269.443415 1036.006099
0 1.023504 1.091079 267.803730 1214.657663 1282.643086 956.100844
0 1.004084 0.859986 356.077110 895.072461 1234.387202 955.722448
0 1.116553 1.108411 50.230702 1277.690242 1296.855616 906.283010
0 1.008074 1.053169 410.227055 1266.997394 1257.858228 1093.859213
0 0.544846 0.963704 259.687118 906.878847 1258.477324 878.161033
0 0.949979 0.984996 286.878880 939.559047 1262.059035 912.661909
0 0.962577 0.961874 11.448144 794.956092 1260.749047 747.597601
0 1.092284 1.180038 371.213536 1649.989553 1295.181786 1100.833696
0 0.994086 1.027274 122.068034 960.351978 1277.872903 833.786098
0 0.391795 0.990959 67.920754 592.491765 1215.838110 637.528706
0 0.692023 0.927437 313.809160 1125.478521 1270.425307 966.425209
0 0.992777 1.033560 329.906642 1149.504138 1270.102542 984.428566
0 1.009921 0.950006 282.981469 899.979411 1257.971006 897.223554
0 0.996057 1.133578 12.314829 876.388922 1271.850386 783.842175
0 0.774514 0.812617 354.006195 816.408410 1220.698093 928.717694
0 0.921643 1.122851 424.332209 1626.253808 1280.808486 1152.296179
0 0.925268 1.013055 351.505173 917.685366 1241.585049 957.732804
0 0.971198 0.897846 394.213363 1075.697203 1248.165156 1045.152879
0 0.918475 0.873211 281.410182 831.161262 1248.874615 872.225012
0 1.051675 1.101523 330.121826 1379.139113 1290.412173 1033.208389
0 0.853844 0.987963 375.298625 850.156447 1216.711940 958.592433
1 0.576515 0.935854 267.839229 823.868059 1247.380548 851.486526
0 1.064099 1.021066 304.577159 1099.428882 1274.786394 954.317379
0 0.323675 1.038455 168.074075 890.422186 1270.918331 825.458899
0 1.107177 1.051619 409.404070 1230.466337 1265.491066 1086.956256
0 1.025959 0.947096 284.502211 929.186157 1267.257190 909.125723
0 1.179138 1.062200 368.723201 1612.414468 1298.411493 1094.290433
0 1.202594 0.903866 431.731733 1019.175542 1212.113247 1081.270024
0 0.759430 0.998388 305.621836 1109.661977 1281.891813 970.500771
0 0.995374 0.894067 441.400383 1223.290716 1232.215947 1130.320205
0 1.009741 1.052647 403.191614 1229.143685 1267.040751 1077.587639
0 0.987790 1.027126 326.598018 1075.157775 1273.920505 972.822489
0 0.992400 1.032431 347.614529 1131.119252 1271.908190 995.546916
0 1.047466 0.544921 417.948372 1476.670719 1278.840158 1119.668782
0 0.902882 0.895125 376.370113 842.773165 1228.266135 961.593449
0 0.927697 0.970794 377.547614 912.391260 1241.169595 983.175210
0 0.823883 0.837438 194.789681 580.643520 1215.152186 688.380794
0 0.937920 0.979104 380.647908 931.937778 1244.637931 990.053452
0 1.059873 1.093363 94.093184 1123.388290 1293.057214 868.832687
0 1.040865 0.986600 447.176293 1403.591476 1265.229962 1155.306183
0 0.973558 0.976088 323.909850 988.025379 1270.812743 949.509674
0 0.955901 0.958277 208.128920 881.583269 1269.962028 830.558730
0 1.052292 1.066253 391.427580 1414.704832 1290.036501 1085.760255
0 0.989849 0.563939 182.631798 814.918703 1271.832420 810.714637
0 1.009544 1.008153 65.875432 864.671003 1282.668503 795.243081
0 1.013312 1.064212 218.224350 1225.216106 1297.160997 937.037037
0 1.197442 0.561141 425.313218 1713.854279 1297.133055 1151.026689
0 0.973086 1.012736 452.633368 1103.010596 1219.158785 1126.535479
0 0.959646 1.045230 125.654340 818.819618 1275.631666 786.828407
0 1.002566 0.982717 442.472971 1197.039367 1255.205563 1123.626971
0 1.098564 1.154368 437.553469 1780.953543 1299.665064 1171.696522
0 1.053350 1.025266 370.909802 1339.551452 1296.498397 1061.056750
0 0.928459 0.962835 105.095532 712.629527 1261.349823 730.493648
0 1.062552 0.910539 444.879592 998.738204 1229.407947 1090.809887
0 0.271038 1.049716 453.133521 1483.150638 1284.060686 1164.793965
0 1.099686 1.146862 441.293646 1348.083901 1284.109391 1135.389546
0 0.559897 0.923419 468.723519 1089.700033 1203.729790 1145.469178
0 1.010777 1.111357 437.414610 1164.657437 1271.483173 1106.124701
0 0.963083 1.006438 448.099716 1018.806805 1236.804329 1089.083958
0 0.914997 0.924144 303.369118 788.396878 1260.702402 870.692020
0 1.038525 0.920056 452.595528 1363.068892 1278.200529 1142.926309
0 0.798758 0.814883 71.436236 470.770996 1213.347903 567.935923
0 0.999197 1.035823 463.852850 1173.409037 1243.703390 1141.230572
0 0.871199 0.823996 394.622944 710.024282 1218.331372 936.416454
1 0.629171 0.851273 345.118987 739.986841 1247.756057 893.759936
0 0.558618 1.145177 452.536507 1354.180306 1282.408937 1145.160476
0 0.791879 0.786642 261.705779 507.766460 1207.918081 702.643486
0 0.852595 0.863759 255.783748 620.911765 1241.573969 764.002649
0 0.788683 0.838470 273.767040 640.348923 1244.621494 791.440089
0 0.903823 0.934821 301.100604 977.132409 1287.868692 928.227392
0 1.027111 0.434295 146.581750 1125.298297 1306.413280 894.335669
0 0.676321 0.897433 356.315877 936.332002 1275.549664 963.589655
0 1.045169 0.936844 425.745843 808.415040 1226.383793 1008.671894
0 1.087780 1.133722 429.569513 1506.575870 1303.995623 1134.485892
0 1.051640 1.162983 446.918921 1689.784860 1306.870389 1170.446717
0 0.731173 0.819682 403.879845 662.716543 1207.079753 929.539499
0 0.835788 0.944716 427.422215 973.024172 1261.960757 1054.662347
0 0.996746 0.943405 398.178358 775.824016 1243.394558 965.896849
0 0.916041 0.916041 143.574415 626.875380 1260.472023 705.364489
0 1.013097 0.971166 467.156930 1206.575476 1261.273615 1144.590183
0 0.986409 1.035280 447.660327 1071.919407 1262.044619 1093.186411
0 0.861761 1.055336 474.384037 1182.239586 1250.221982 1162.088497
0 0.722593 0.960926 441.426931 1025.307993 1261.852237 1075.289308
0 0.763236 1.077433 440.110988 1253.462022 1285.828311 1106.002582
0 0.807585 0.594482 466.966795 1641.704840 1298.855986 1183.303276
0 0.940671 1.117788 433.822451 1428.052040 1304.190585 1128.310570
0 1.056736 1.026947 424.077559 1072.785895 1274.866801 1056.237907
0 0.970535 1.052673 398.723434 1124.994282 1288.626430 1039.959836
0 0.923156 0.898511 166.718196 635.636126 1262.077008 717.475789
0 1.161193 1.095068 474.136291 1444.244853 1283.128566 1175.340736
0 0.923228 0.886014 413.508844 979.807653 1273.525478 1026.234525
0 0.776465 0.775193 289.539676 472.419544 1205.366684 707.390211
0 0.760903 0.843761 384.133862 662.525374 1230.589595 902.912063
0 0.907479 0.944782 422.966760 784.144078 1243.199285 997.416530
0 0.890807 0.864092 441.197668 735.963660 1218.628501 1007.639454
0 0.948752 0.901270 300.876047 840.660002 1284.413104 886.889853
0 0.980674 1.024408 380.789421 987.570685 1287.891940 996.694019
0 1.059520 1.148933 400.382243 1312.145041 1308.536578 1077.883656
0 0.886711 0.896328 63.223034 574.206131 1262.687231 657.032247
0 0.936991 0.917533 242.908022 745.637257 1282.342614 823.438188
0 1.049284 1.003549 480.340289 1356.018399 1280.903027 1182.979036
0 1.026630 1.007630 398.716582 1152.828251 1300.088368 1051.809265
0 0.870178 0.952478 217.692075 739.123581 1281.932737 796.421914
0 1.104695 0.652172 469.691988 1257.939905 1282.247832 1147.872877
0 0.691074 1.099782 287.597396 1095.269289 1309.160601 953.941660
0 0.756129 0.876813 364.645515 857.081548 1281.146947 953.662171
0 0.988328 0.935226 482.873038 1065.703139 1240.422929 1149.163935
0 1.023998 1.062848 441.683234 1179.756601 1292.873430 1100.092259
0 0.934199 0.953649 300.480269 765.815285 1277.019058 863.545600
0 1.006932 0.882617 435.182805 1142.409334 1288.385377 1079.580508
0 1.026360 0.921681 416.499026 1171.015501 1296.501064 1064.878786
0 0.888534 1.069508 437.358924 1178.390805 1291.371636 1088.040853
0 1.023592 1.091932 132.595376 1026.175199 1309.236913 862.100262
0 0.998142 0.978780 458.084251 1078.237632 1276.978732 1107.251983
0 1.016469 0.884906 435.879538 1142.239254 1292.481758 1084.310794
0 1.047565 1.090220 406.419429 1228.398294 1307.672718 1071.781709
0 0.877060 0.786355 343.480273 518.784875 1212.704194 789.147689
0 0.975235 0.848990 452.069154 994.967308 1267.714670 1078.715879
0 1.048083 1.080964 306.272413 1150.361079 1310.443983 977.121871
0 0.942390 0.746591 428.227643 620.459111 1206.038171 945.620724
0 1.055501 1.055501 331.561720 932.493308 1296.577029 943.673136
0 1.108812 1.001268 400.214257 1110.427761 1301.881252 1044.502713
0 0.678997 0.826657 351.086093 573.660994 1230.180568 826.593588
0 0.449945 0.985507 166.286818 658.821349 1275.461692 728.310820
0 0.769276 0.953759 63.974985 376.696661 1210.375664 502.167488
0 0.877163 0.910853 287.729730 639.313315 1263.290960 799.278929
0 0.995563 0.895917 448.703694 998.114436 1274.977939 1068.797283
0 0.579441 0.999131 297.428005 970.822679 1303.910699 926.640182
0 1.019243 0.665691 465.273838 1180.544408 1287.828342 1119.705270
0 0.946011 0.566722 109.194169 672.802319 1286.916927 727.030890
0 0.948084 0.937042 317.122610 811.582588 1286.193510 886.222547
0 0.958490 0.838077 371.954983 656.905681 1254.688289 888.394584
0 1.014285 0.954142 408.635925 781.745316 1267.915256 973.987879
0 0.990336 0.924057 326.156514 744.704306 1280.430588 876.356236
0 0.801994 0.825252 342.022468 502.530891 1221.279942 780.103058
0 1.073207 1.117985 454.371418 1384.205470 1313.205690 1136.908803
0 0.972750 0.972750 318.225492 680.838399 1275.940704 852.525731
0 0.998769 0.998769 357.437014 744.521172 1278.200572 909.335756
0 1.113167 1.067465 364.640131 1098.373817 1312.757502 1011.869036
0 1.084025 1.084025 500.769772 968.147691 1213.763775 1163.215057
0 0.810969 0.726978 262.792255 409.815918 1209.726906 643.166456
0 0.932024 0.932024 138.736733 617.714723 1279.376334 703.756360
0 1.274076 0.914481 493.424657 1221.367730 1281.241434 1166.029280
0 0.680074 0.955664 365.625561 899.253795 1294.942607 955.133936
0 0.923980 0.919340 293.808189 729.273670 1288.012817 842.594351
0 1.079307 1.052442 482.093353 1453.740226 1313.470569 1174.812567
0 0.710996 0.761664 322.930566 428.918938 1209.074455 714.708911
0 0.474766 0.965665 425.777940 773.578517 1268.265620 990.045923
0 0.828085 0.942531 267.627588 686.215197 1285.663279 808.399920
0 0.436018 1.113048 448.837364 1345.008305 1317.770736 1126.706810
0 1.008022 0.717297 487.173821 1068.770445 1279.613636 1141.588341
0 0.916981 0.954054 358.607048 720.269520 1280.918046 904.847833
0 0.975570 0.980219 89.664869 736.333543 1301.976168 748.940450
0 0.991761 1.011358 174.588789 832.160137 1307.408812 817.210374
0 1.003782 0.945455 425.331349 1044.624864 1301.674812 1046.625078
0 0.908145 0.950093 94.714814 586.607126 1284.993648 678.794659
0 0.935285 0.977257 219.030369 848.580815 1311.092509 845.785550
0 0.926844 1.053008 461.467220 1321.980475 1316.438835 1133.862808
0 0.765588 0.784784 108.416361 379.083339 1226.595240 524.752411
0 0.976943 1.061645 193.621558 922.330693 1315.067281 856.104205
0 1.096176 1.070383 288.579922 1017.983181 1317.331016 936.969777
0 1.072604 0.654785 496.762181 1423.656771 1310.576531 1189.134044
0 0.768932 0.878792 164.433773 384.269010 1223.493340 552.324106
0 1.016280 0.576334 413.921221 1048.618437 1307.052320 1035.988507
0 0.822082 0.838048 100.750498 449.092580 1250.791488 578.592264
0 0.946182 0.947022 91.416210 653.911501 1299.393420 723.109473
0 0.844163 1.104636 400.480207 1182.310199 1321.098503 1057.189459
0 0.885190 1.073062 506.249807 1176.084183 1281.620359 1186.141550
0 0.887130 0.844743 413.769310 652.381820 1256.849482 935.359299
0 0.994273 1.095205 463.221600 1017.816058 1291.332986 1085.205694
0 0.881655 0.893700 134.459183 547.482151 1281.970233 672.696816
0 0.804480 0.840959 312.136510 649.322503 1280.814637 822.820729
0 0.693502 0.921932 318.177024 732.662850 1295.504019 867.712643
0 0.690218 0.726560 309.963414 404.878035 1213.301082 682.235006
0 0.934692 0.976712 107.279503 647.945563 1295.352872 709.662894
0 0.742130 1.051833 373.902264 871.042330 1302.011564 957.479596
0 0.842502 0.669064 52.077116 462.460319 1262.504188 583.502631
0 0.977627 1.087811 514.893223 937.067253 1229.943733 1167.195831
0 0.850339 0.871430 255.869648 529.611727 1268.136889 724.725893
0 1.019728 1.068224 493.714101 1127.485540 1294.639599 1145.092778
0 0.879334 0.899321 244.180593 694.642992 1294.929003 791.845834
0 0.884261 0.574140 450.618675 1077.285612 1306.319333 1077.952766
0 1.134800 0.840932 511.057900 1172.996024 1278.747728 1180.397261
0 1.025768 1.010851 184.040343 812.541722 1311.653056 812.826371
0 0.756306 0.865601 291.485468 468.734472 1246.194396 714.062008
0 0.912134 0.948436 176.950272 645.895928 1298.722569 746.504606
0 0.855584 0.975041 315.354376 768.568193 1301.742816 876.819519
0 1.008254 1.003369 313.121362 944.720259 1315.918841 930.000050
0 0.728130 0.856477 313.436976 451.952816 1236.707222 722.847565
0 0.795626 0.683185 428.562399 480.247925 1199.670077 866.950889
0 0.815614 0.848084 354.421705 506.765035 1241.139024 792.737467
0 0.896582 0.857078 343.650037 654.177082 1277.955998 851.272494
0 1.011176 1.014878 104.765387 806.222366 1315.435721 788.272627
0 0.739978 0.744474 106.906264 330.260504 1220.554544 485.768638
0 1.020815 0.619797 403.860484 1024.698368 1318.248923 1028.044129
0 1.195508 0.719678 516.384992 1217.466286 1293.340128 1197.537610
0 0.386349 0.967713 133.008887 660.544452 1304.439915 732.081830
0 0.399088 0.813970 514.747220 1028.150953 1266.615455 1167.661843
0 0.705700 0.877641 355.542834 785.753518 1299.349995 911.230334
0 0.931865 0.868628 517.463170 786.687841 1200.925784 1131.338196
0 0.853953 0.924952 367.541613 557.760347 1257.232865 833.999781
0 0.945995 0.974559 321.391833 773.565524 1302.610760 879.382384
0 1.048945 0.879278 515.175994 1251.413818 1297.491231 1189.593026
0 1.042554 1.079818 420.809215 1138.336551 1321.315817 1059.048449
0 0.364440 0.899380 213.323040 580.649992 1288.445458 723.933086
0 1.079842 0.938195 492.190851 694.137162 1235.271233 1051.345172
0 0.571904 0.933167 281.076797 563.742611 1283.799386 769.615597
0 0.280568 1.030265 114.811493 783.228700 1320.960416 788.326038
0 0.805759 1.053232 327.644262 937.934136 1320.784644 939.224405
0 0.703244 0.672452 164.279756 253.963318 1186.327683 435.333495
0 0.941258 0.941258 163.293511 589.892460 1297.108444 707.680195
0 1.144534 1.096593 477.439774 1176.135914 1318.021708 1120.945247
0 0.983774 0.821221 498.917163 626.461755 1215.191856 1042.276432
0 1.174605 0.883436 504.275533 1315.707351 1321.322749 1176.216850
0 0.586203 0.946090 525.101329 947.942018 1253.921338 1170.162152
0 0.811943 1.024823 430.000059 765.509979 1292.750086 980.568813
0 0.879178 0.990503 52.898595 489.517356 1284.060295 605.633880
0 0.838573 0.748782 407.812651 527.088180 1247.743467 862.610270
0 1.154418 1.031757 525.498729 743.361798 1207.446715 1121.604149
0 0.843195 0.934514 448.763448 670.339987 1270.594491 973.260185
0 1.039410 1.098972 499.719292 1204.294098 1317.808870 1152.315231
0 0.281964 0.986445 159.298335 755.257960 1319.130946 783.771859
0 0.730147 0.925483 295.570974 484.115243 1270.628132 734.677578
0 0.985033 0.702701 509.284195 623.906911 1208.177798 1052.992893
0 1.005314 1.005314 428.132518 709.008784 1285.398249 957.629182
0 0.572638 0.801239 406.463503 426.427351 1216.929853 804.746097
0 0.645036 0.869960 527.726864 1211.528321 1299.849932 1197.055678
0 1.167474 0.806126 505.747661 709.040182 1245.474868 1075.306777
0 0.715861 0.870963 329.322096 617.864765 1292.816238 825.360874
0 0.631116 1.059248 519.062351 1090.522945 1300.135794 1168.516489
0 0.865024 0.842333 533.087217 1042.016647 1270.616512 1190.250359
0 0.916136 1.023565 384.373114 989.191551 1326.226110 998.808473
0 1.030039 1.030039 175.695776 778.299024 1325.567693 806.175736
0 0.919662 0.894107 264.841825 531.605990 1287.989527 737.710412
0 0.856482 0.820692 233.323793 437.348796 1263.651499 647.161877
0 1.089802 0.653803 444.494280 947.011495 1314.568504 1040.497743
0 1.038861 0.988940 284.160626 803.700523 1320.090517 867.492979
0 0.748805 0.764024 271.316878 351.120757 1227.405537 609.076801
0 0.988142 1.094971 512.608304 952.609551 1286.433956 1130.036003
0 1.016883 0.845070 534.388359 1046.302750 1275.085565 1196.243832
0 0.968694 1.027816 76.684319 655.495779 1316.299258 716.433677
0 0.862826 0.905802 386.679066 819.643653 1312.698579 950.512690
0 0.657638 0.843707 479.501620 628.019217 1254.014102 1005.422443
0 0.783534 0.952629 355.027980 662.516084 1302.748681 877.267372
0 0.765626 0.978258 519.716988 1192.142063 1315.206696 1180.426568
0 0.872008 0.882041 29.018370 478.428885 1285.996870 592.686756
0 0.926430 1.032752 389.910663 982.556485 1331.118441 1006.188826
0 1.372957 0.838903 527.705579 1027.535609 1293.430716 1173.809970
0 0.961691 1.023838 413.936263 723.271019 1303.470569 956.537494
0 0.929497 1.004919 375.654730 706.343689 1300.898708 899.347864
0 0.817649 0.845694 464.285784 630.943636 1267.894707 981.107929
0 1.033051 0.936479 498.661982 890.303332 1300.968068 1104.212811
0 0.945545 0.994252 131.856489 643.562705 1313.770452 720.853954
0 0.962333 0.996093 529.011938 841.338507 1255.023276 1139.253445
0 0.990491 1.035375 504.264048 931.142272 1297.198458 1109.949773
0 0.959608 0.981679 311.062760 752.975942 1317.038977 866.962825
0 0.735442 0.845558 538.670249 1145.589926 1283.055157 1197.403331
0 0.788708 0.788708 375.433860 330.901513 1191.864534 694.000197
0 1.264956 0.911033 518.968559 804.728921 1259.479077 1107.057362
0 0.301624 1.018026 128.064749 783.169757 1324.999240 787.163031
0 1.034730 0.977671 449.985342 1064.387633 1321.818619 1063.965365
0 0.339974 0.955803 121.672228 616.850651 1309.026970 701.556617
0 0.692081 0.667955 264.834980 276.714359 1197.899766 535.086631
0 1.122986 0.824845 541.276853 1008.855892 1266.291156 1198.454409
0 0.552873 0.688467 373.609241 310.398231 1192.642207 686.607428
0 0.760456 0.979521 338.108911 627.664298 1303.958731 847.606765
0 0.764955 0.990669 447.591427 904.640019 1319.642938 1039.520695
0 0.842994 0.696715 258.249266 468.610472 1278.105620 692.786952
0 0.970579 0.892601 540.817065 868.418975 1237.422495 1171.565579
0 1.001369 1.038408 76.800690 698.145537 1323.391578 740.540862
0 0.740164 0.774445 386.456333 514.677291 1261.928059 823.394598
0 0.856589 0.965539 524.442196 990.017142 1288.850167 1142.141001
0 0.674145 0.636690 500.664970 468.845413 1181.436908 960.757176
0 0.310009 0.936474 47.217009 525.631493 1298.226638 627.284812
0 0.943875 0.973963 545.681898 779.144483 1206.971318 1158.274737
0 0.923207 0.911553 345.586643 671.594693 1306.096355 859.480880
0 0.907505 0.657612 536.858986 680.470004 1205.952487 1107.158835
0 0.845197 0.857692 158.205773 456.735947 1278.554802 606.483173
0 0.994224 0.862218 523.766139 954.464131 1289.186361 1132.545081
0 1.055404 1.165945 542.800530 1265.401325 1305.207340 1208.403964
0 1.278989 0.965771 540.103413 750.796087 1227.571367 1129.163439
0 0.896374 0.640446 481.561584 825.849371 1296.577616 1041.488096
0 0.891421 0.906350 268.547088 564.753559 1298.899222 747.881561
0 0.929133 0.917847 215.735388 635.002874 1312.827115 750.498974
0 0.798777 0.765629 316.622707 416.155354 1254.227023 694.058032
0 0.973593 0.884815 483.016153 858.558460 1301.415582 1051.303099
0 1.045712 0.995922 530.665504 1172.667056 1313.678173 1174.161361
0 0.848731 0.845111 177.815924 424.318985 1271.743704 592.513494
0 0.982202 0.952291 288.243158 656.843218 1308.855407 801.736449
0 0.893135 0.845625 379.998635 459.299455 1260.232153 792.664874
0 0.842024 0.919349 419.600381 784.404345 1312.965493 965.350228
0 0.925702 1.048920 320.558557 804.602101 1325.805065 890.075456
0 0.805413 0.877673 125.698164 380.940199 1269.490799 545.625555
0 0.938017 0.850665 489.682296 730.738899 1286.184750 1036.081030
0 0.851076 0.869202 234.584768 486.999016 1286.724730 673.754283
0 0.940645 0.933058 11.482072 559.672891 1309.649324 646.736462
0 0.855082 0.627748 456.045647 863.410893 1315.474857 1025.217554
0 0.909350 1.036431 486.743130 1098.424535 1328.882706 1109.786882
0 1.443401 0.921708 552.747243 1083.438588 1280.684175 1214.622734
0 0.977796 1.010031 556.053724 886.744368 1211.975707 1199.501287
0 0.859497 0.872789 238.712655 493.254453 1290.525112 689.635933
0 0.834172 0.871551 369.696076 492.720329 1275.575907 801.737477
0 0.670848 0.796577 479.408885 648.240327 1276.515728 989.874376
0 0.754680 1.147813 542.506332 1135.563788 1310.994110 1186.979658
0 0.766605 0.961458 432.729163 789.812336 1315.786406 982.604863
0 0.970037 0.741760 501.320703 580.313686 1244.458041 997.099159
0 0.897071 0.753520 443.904401 448.488695 1242.294556 861.444409
0 0.925590 0.572939 118.765154 566.874714 1313.922624 672.416005
0 0.990177 1.084428 467.801158 886.596913 1320.937610 1042.589676
0 0.680156 1.040497 343.028791 765.683645 1323.944479 891.827193
0 0.593370 0.683927 214.104988 157.735281 1158.052779 370.299793
0 0.802986 0.832295 528.284494 447.657620 1171.502061 992.999809
0 0.924989 0.921617 223.322939 593.887152 1315.290798 735.256390
0 0.735117 0.777614 430.836246 481.481597 1260.846217 855.232214
0 0.796638 0.716643 76.826234 350.398147 1269.004372 500.086615
0 0.984915 1.012459 562.342501 875.440513 1247.426406 1193.442561
0 0.935462 1.027219 478.718540 695.544369 1298.975368 1007.394259
0 1.062042 1.003832 556.954558 1212.956143 1317.756764 1217.450092
0 0.894332 0.822283 523.044589 423.743923 1179.603959 962.533000
0 1.082005 1.082005 535.096664 868.181026 1295.308184 1118.932258
0 0.807408 0.645077 478.473746 308.133537 1167.463325 819.534839
0 1.036800 0.601821 426.647826 739.385548 1317.049754 955.267359
0 0.719897 0.682700 359.619048 306.278628 1222.049425 659.806867
0 1.063965 1.017348 548.141180 1197.442080 1326.096099 1191.953568
0 0.910241 0.943470 534.506690 639.146631 1258.017335 1071.743558
0 0.643757 0.804103 535.422106 402.677288 1159.738930 974.554726
0 0.640675 0.624015 502.241957 381.848890 1190.878813 900.440882
0 0.786349 0.685863 549.351748 696.561307 1253.435451 1111.397546
0 1.064160 1.064160 572.355264 752.167563 1162.877516 1204.563148
0 0.924800 0.560715 194.342526 646.325598 1327.894596 750.340519
0 0.378549 1.036488 572.805071 919.752036 1254.938622 1216.530064
0 0.913408 0.821234 125.087902 359.204714 1282.752537 532.540524
0 0.808352 0.628236 458.036126 308.440108 1192.726207 786.260696
0 1.379045 1.016570 573.651363 888.209006 1241.440618 1210.521010
0 0.740891 0.798050 439.689687 488.985747 1269.339184 860.856061
0 1.158566 0.957567 565.919254 985.754717 1291.964353 1193.898456
0 0.853570 0.888540 443.795917 509.356469 1280.602106 887.991188
0 1.042487 1.085598 564.980010 1113.531868 1314.193323 1209.829385
0 0.742961 0.598838 229.061607 147.152306 1163.586108 371.915296
0 1.190683 0.633384 570.609711 546.693286 1159.774841 1119.040664
0 0.741780 0.757165 467.602390 312.394451 1197.430705 805.689019
0 0.224805 0.699986 559.403354 627.602776 1232.518645 1109.100640
1 0.485416 0.850916 486.532858 556.692105 1280.906073 962.755183
1 0.492117 0.842386 483.961136 570.569332 1283.364811 960.386633
0 0.340799 1.068825 568.682463 1342.158339 1336.996398 1237.203257
0 0.929490 0.926339 9.908289 520.660723 1319.171026 624.165670
0 0.993477 0.709802 495.465542 851.810771 1324.792411 1059.466576
0 0.977138 1.053586 418.649029 764.714713 1329.344081 955.713003
0 0.714837 0.837673 408.383691 550.883663 1302.282119 863.948387
0 1.328634 0.920414 573.324256 1062.800607 1300.672766 1219.184494
0 1.135908 0.823796 552.915270 904.991754 1307.669801 1153.845526
0 1.071610 1.004600 511.131842 814.510546 1315.935129 1066.601882
0 1.055325 0.855428 476.483278 762.799205 1320.470956 1013.682298
0 0.633432 0.629562 59.439952 148.851625 1185.387791 257.652583
0 0.671077 0.752019 48.031615 192.318346 1214.096881 314.425417
0 0.875646 0.701962 551.102455 553.267537 1226.488610 1060.365339
0 0.971198 0.683122 540.945810 808.817236 1305.518240 1110.215313
0 0.553955 0.863725 493.956341 365.334000 1215.286658 874.362066
0 0.851794 0.804629 6.896676 304.453076 1269.216667 436.990842
0 0.655336 0.866927 571.655565 712.054652 1248.124037 1147.948265
0 0.784012 0.597412 456.281299 828.334978 1334.320193 1007.821878
0 0.754584 0.825515 366.517138 448.212994 1292.064579 769.552692
1 0.792522 0.566407 422.546320 208.473769 1171.765837 655.056894
0 1.309573 0.587144 565.737291 487.823922 1190.378710 1070.588209
0 1.090502 0.638680 502.380262 883.372277 1336.616844 1076.706288
0 0.478142 1.101710 576.394875 858.980815 1283.054173 1184.632250
0 0.548852 0.943733 569.644380 1114.395422 1328.730261 1202.899935
0 1.013418 0.953524 584.704453 930.340917 1271.658965 1226.974932
0 1.023358 1.060772 584.581776 992.750875 1283.650987 1231.353527
0 0.792638 0.873348 579.439229 686.752826 1232.288433 1165.218364
0 0.868573 0.899169 140.559189 487.135856 1321.585642 635.110595
0 0.578496 0.688981 210.025123 122.767718 1163.622019 325.730593
0 0.955723 0.756275 479.811308 718.871629 1322.097626 1002.363774
0 0.886423 0.831718 564.184139 562.731139 1228.545393 1086.437785
0 0.696285 1.094382 583.955273 856.412585 1268.158538 1194.958973
0 0.623681 0.936145 590.564127 619.218958 1148.033600 1188.363432
1 0.894217 0.541579 476.034176 178.247315 1130.921842 708.810330
0 1.009171 0.810769 490.163476 594.037399 1303.622422 974.233819
0 1.375217 1.036229 579.373531 1211.245941 1338.047330 1228.874052
0 0.757129 0.812320 157.014651 304.170285 1276.417193 490.187830
0 0.772085 0.746283 483.675264 565.424475 1298.530936 951.682088
0 0.594445 0.662606 398.278562 149.045360 1147.191802 566.540648
0 1.023304 0.930017 454.467550 665.579027 1326.909268 957.098448
0 0.981445 0.814594 558.386618 528.885501 1241.820486 1061.165084
0 0.912531 0.941694 581.577198 616.382852 1221.824162 1136.267658
0 0.947882 0.779092 558.767459 699.052539 1289.866123 1109.578563
0 1.016769 1.059560 564.955276 946.064732 1322.897383 1163.217716
0 0.847267 1.110921 591.329595 860.249794 1182.220720 1259.052180
0 0.576952 0.906441 592.713870 831.731948 1161.137215 1259.015871
0 0.577721 1.008022 570.871379 802.956964 1300.075706 1147.452862
0 0.943571 0.647989 487.349861 786.881647 1339.063475 1033.526213
0 0.883482 1.034887 484.354500 813.571823 1339.835978 1033.286946
0 0.973381 1.003214 584.628607 787.512011 1283.120905 1175.376888
0 0.932844 0.871075 488.381803 474.564304 1280.277654 914.949388
0 1.137750 0.827986 592.951617 954.082641 1301.312343 1227.420876
0 0.923370 0.927667 7.523231 481.770145 1332.370132 611.544306
0 1.021299 0.851240 347.427426 367.200491 1284.689994 685.855917
0 1.021774 0.927699 583.417708 950.879912 1324.770384 1192.731357
0 0.982787 0.962943 445.116141 734.411323 1344.899125 973.861217
0 0.931676 0.863851 543.083641 626.491191 1304.670857 1060.952846
0 0.927781 0.965072 543.544753 625.599181 1302.800169 1058.833477
0 0.882292 0.820784 480.539537 528.562377 1305.767989 932.158390
0 0.812448 0.883078 390.431818 394.446810 1291.012745 756.618384
0 0.364286 1.164865 586.060589 1098.536016 1338.333805 1212.139269
0 0.960577 0.981957 601.104309 699.230513 1112.767332 1246.952600
0 0.759517 0.854124 77.260873 261.169707 1276.293650 418.704683
0 0.874066 0.955264 455.257977 509.752966 1307.038886 889.119953
0 1.052199 1.093476 586.359618 1064.400300 1336.823099 1209.518693
1 0.522890 0.530157 172.546050 57.088434 1134.555834 217.494753
0 0.896708 0.905694 90.532188 445.707956 1330.259038 596.943404
0 0.868633 0.901924 525.217517 508.111209 1282.186757 983.158295
0 0.840941 0.874633 390.981390 451.310361 1305.622087 785.381421
0 0.553365 0.662967 392.693161 175.481527 1188.207845 583.257838
0 0.584365 0.998304 489.736788 705.556831 1333.250651 1003.467987
0 0.495128 0.549160 292.125942 71.140331 1131.209736 358.929601
0 0.731938 0.680252 546.998988 497.272634 1266.089051 1014.987289
0 0.833890 0.830534 367.595671 418.081771 1305.716918 748.367848
0 0.935055 1.062536 281.740017 572.082545 1342.545162 769.016970
0 0.867924 0.809632 427.131376 370.853829 1278.103351 776.569957
0 0.567947 1.008707 605.791588 773.517793 1172.912722 1259.091204
0 1.002863 0.508450 320.240810 50.690572 1111.023980 373.346215
0 0.962192 0.711527 602.959994 704.072075 1249.003179 1197.538881
0 0.703411 0.625293 244.263963 164.021614 1218.302833 409.369040
0 0.722218 0.931933 353.818288 549.309735 1335.421817 810.076057
0 0.953665 0.809442 525.785167 484.107533 1285.260205 965.513457
0 1.167843 0.984856 609.867092 1094.535600 1323.037023 1255.229749
0 0.939194 0.927453 102.923510 496.222218 1341.548938 633.097484
0 0.822982 0.695492 385.684973 300.228099 1276.611007 685.758533
0 0.863708 0.768361 523.305571 490.865239 1294.158043 963.551502
0 0.866317 0.861007 269.087934 434.771775 1327.602193 671.832503
0 0.855144 0.869556 613.912569 444.599780 1118.543257 1147.362889
0 0.560338 0.610761 139.709896 82.589606 1176.998091 217.946608
0 0.848392 0.877854 504.134087 456.758468 1297.429387 924.474648
0 0.717936 0.541179 577.299721 258.173774 1140.645800 940.537441
0 0.778087 0.831123 328.185042 313.084670 1294.618973 638.069597
0 1.051069 1.161855 612.461491 1038.684379 1332.325373 1246.291387
0 1.016542 0.894241 584.162640 872.016660 1341.495721 1167.362927
0 0.634477 0.656064 513.535760 174.783132 1156.934117 753.547042
1 0.278159 0.489524 571.283790 192.570525 1108.549657 875.300977
0 0.739111 0.607465 622.000245 499.788742 1085.099354 1204.402071
0 0.484621 0.482952 211.227374 13.545359 1110.949052 221.326419
0 0.963055 0.938741 21.739719 482.149108 1348.628406 616.319820
0 0.788949 0.801186 583.024153 600.988780 1301.268982 1101.836615
0 1.088065 0.757615 584.004584 429.881052 1242.828661 1043.476338
0 1.155806 0.936275 594.300138 818.787287 1335.256117 1169.973125
0 0.945603 1.026646 467.747103 621.580737 1348.851472 950.892582
0 0.614074 0.807100 611.779626 521.676010 1236.463982 1135.511828
0 0.551078 0.659744 529.204963 303.486129 1240.563752 876.267177
0 0.576123 0.866134 586.700369 414.889229 1238.519798 1036.821919
0 0.805460 0.961017 537.796951 593.405290 1329.372932 1021.897248
0 0.552928 0.625837 414.046684 165.272269 1211.298044 600.942292
0 0.844307 0.955279 590.036382 769.651733 1336.236368 1149.807909
0 0.692116 0.809762 558.721437 609.185585 1323.590305 1056.418625
0 0.753943 0.766131 322.904187 278.521349 1291.730303 603.187454
0 1.050327 0.964696 617.283565 607.523111 1274.785799 1168.046214
1 0.494712 0.474986 160.061384 8.806425 1124.123495 164.883536
0 1.102031 0.797566 629.698590 738.103717 1182.409359 1271.865502
0 0.664177 0.754126 440.740144 360.935603 1304.738281 787.748942
0 1.360634 0.942109 633.205926 884.464586 1300.566999 1256.297578
0 0.350821 0.980269 77.872148 382.727297 1340.616289 542.310985
0 1.458654 1.072837 629.988412 961.146911 1335.808910 1251.091669
0 1.294154 1.078791 630.563929 644.399662 1096.994823 1277.682780
0 0.702716 0.936778 633.153771 765.619925 1292.747182 1235.827387
0 0.689419 1.007976 635.121462 746.241855 1272.229957 1233.823300
0 1.264843 0.866744 632.173463 677.472925 1111.334822 1282.097840
0 0.826153 0.659193 494.910721 280.600362 1259.521625 795.979108
0 0.894468 0.872938 494.029280 542.249808 1341.164876 940.997151
0 1.013715 0.813140 621.307891 821.715143 1337.495887 1205.532616
0 0.939292 0.968326 440.292199 565.530064 1357.600919 901.554034
0 0.561723 0.791649 497.025016 376.790238 1301.254889 862.009785
0 0.607557 0.830094 638.892686 909.755057 1302.996525 1267.016409
0 0.564308 0.746288 186.285300 229.569359 1302.111133 448.407303
0 0.562032 0.793411 171.564852 235.869588 1301.796154 435.741554
0 0.996633 0.687118 630.564942 716.913339 1079.132118 1303.269610
0 0.750211 0.723700 403.106136 263.274343 1288.566627 673.749328
0 0.381180 0.495131 544.505677 33.321521 1053.933064 664.789375
1 0.395419 0.435891 346.173581 18.810095 1081.696123 353.300573
0 0.669543 0.831437 614.433606 355.788808 1209.506571 1051.778506
0 0.698237 0.728769 362.410331 284.173411 1305.325016 644.306853
0 0.833369 0.915359 215.781479 380.585546 1346.375354 605.361137
0 0.467303 0.589440 448.985205 97.479653 1170.704980 577.466875
0 0.948430 0.967701 643.632265 599.448878 1145.987655 1253.639662
0 1.112399 1.112399 637.953580 796.756666 1313.394469 1228.159207
0 0.870415 0.981087 642.858701 437.318476 1144.816429 1174.178492
0 0.836516 0.714545 605.602226 713.026603 1342.133072 1144.221286
0 0.649815 0.715235 418.679960 265.404827 1287.138096 684.043417
0 0.696906 0.617420 545.370330 123.611578 1145.954568 748.993506
0 0.931963 0.873155 347.201407 429.031875 1349.280345 737.222536
0 0.686494 0.693902 238.725972 177.605087 1277.595514 425.718542
1 0.453199 0.468398 512.860343 69.713512 1121.651107 644.069935
0 0.574942 0.534436 513.479500 98.595325 1148.733729 672.706248
0 0.554293 0.566202 328.944525 72.888904 1190.244551 402.927302
0 0.963199 0.853974 647.724803 621.417659 1191.167952 1256.311143
0 0.884783 0.730927 648.518762 394.762769 1042.123865 1206.469333
0 0.786712 0.628694 581.437057 129.457525 1120.919907 821.277587
0 1.099300 0.729276 618.325453 499.445445 1281.138767 1105.795245
0 0.743348 1.037659 646.924969 804.377557 1303.615531 1256.582186
0 0.287018 0.878126 627.571701 577.054955 1297.686668 1153.486485
1 0.359715 0.465890 515.608610 67.577659 1123.230741 646.651905
0 0.658278 0.700083 649.766303 603.651032 1204.611073 1243.755245
0 1.139136 0.590944 625.632073 182.409644 1091.545492 964.987083
0 1.409916 0.920669 646.789543 782.593739 1201.655905 1300.320381
0 1.370171 0.772587 649.923650 989.880922 1332.008513 1282.878283
0 1.236442 0.768593 641.027654 549.422369 1259.945665 1176.614608
1 0.489924 0.467867 379.828258 25.677412 1136.402686 419.956223
0 0.976777 1.087874 649.633013 692.590076 1268.565604 1238.093789
0 0.809600 0.703124 532.622884 357.909229 1296.103968 893.219916
1 0.349665 0.430291 458.839939 6.086290 1090.347297 505.960836
0 0.474623 0.454425 301.470622 9.481903 1114.898214 307.299224
0 0.883137 0.797447 635.117841 480.728885 1250.301323 1130.394057
0 0.785807 0.799093 112.971077 260.621080 1324.021509 436.946534
0 1.043913 1.153793 642.775055 917.911670 1351.144107 1244.469143
0 0.935138 0.728738 630.971797 368.110975 1214.243310 1079.914790
0 0.962219 0.886217 388.543543 466.624876 1358.395445 797.682873
0 0.593496 0.755678 357.634439 167.203886 1264.685256 532.617557
0 0.606450 0.828206 654.918622 863.431690 1301.816724 1283.040708
0 0.789431 0.957977 651.260052 558.647639 1082.136341 1272.256137
0 0.834195 0.848178 648.365247 361.291689 1156.946092 1131.864093
0 0.891445 0.608949 491.839416 58.087302 1138.458240 598.071328
1 0.839820 0.537106 427.390023 54.169193 1160.738955 505.582963
0 0.779393 0.950819 657.356794 533.738528 1133.174350 1254.654487
0 0.820435 0.889538 656.557187 646.346853 1261.296206 1243.917367
0 0.818295 0.990263 655.734177 655.496937 1269.639915 1237.674801
0 0.875282 1.050672 629.815029 793.259389 1359.477261 1195.474482
0 0.632510 0.593322 140.666554 73.904868 1225.713456 211.332413
0 0.823322 0.828117 94.696089 282.068681 1340.207536 460.368504
0 1.105600 1.037797 632.357920 746.274033 1350.349391 1188.465536
0 1.121130 1.045631 622.919171 786.080479 1363.740450 1181.777517
0 0.926850 0.825857 653.695103 531.443207 1246.407584 1198.192588
0 0.729803 0.875721 492.151795 241.389416 1277.894557 764.260179
0 0.884940 0.634892 521.597862 205.014268 1245.905206 776.080805
0 0.598180 0.706142 48.885178 162.778365 1292.590888 293.765970
0 0.774277 0.658683 656.972531 265.988243 1074.570423 1110.959862
0 1.349303 0.808736 649.451206 301.543104 1149.854734 1092.424677
1 0.943140 0.531144 625.179352 295.476564 1210.365501 1021.200170
1 0.466591 0.473260 202.057606 5.552575 1146.588724 203.269865
0 0.991300 0.866797 631.929686 710.909549 1347.768215 1175.613505
0 1.015429 0.355865 99.519610 88.646576 1043.319817 211.544671
0 1.048066 0.375999 222.626720 79.608199 1046.665169 259.628522
0 0.394687 0.878757 45.519168 345.122504 1360.676647 517.509066
0 0.817847 0.986104 621.649163 620.883693 1340.848012 1131.347733
0 0.336865 0.341290 208.372079 91.060320 1036.144849 265.423587
0 1.377273 1.108808 664.421187 711.917678 1290.682693 1258.425120
0 0.923113 0.922413 663.487361 480.709723 1202.815388 1203.375670
0 0.573847 0.733386 493.092005 353.599675 1328.336763 835.014535
0 1.012687 0.723280 616.874524 205.536908 1181.249399 936.315826
0 1.355990 0.860882 667.649465 783.416569 1296.595119 1278.318911
0 1.271391 1.052392 651.042520 816.202834 1357.105791 1224.058328
0 0.638019 0.717649 86.297665 104.900753 1264.318446 221.415965
0 0.731605 0.699338 271.403306 175.863262 1296.861903 449.747615
0 0.861268 0.704822 569.561598 279.805205 1275.807472 898.075506
0 0.951920 0.696700 668.757870 599.942290 1254.696670 1234.731113
0 1.048956 0.907009 667.576806 902.544309 1349.285482 1277.248224
0 1.379950 0.670709 671.508393 284.867423 1000.321919 1188.919223
1 0.937172 0.469590 540.578889 84.284844 1164.302995 693.969655
0 0.916052 0.631802 554.698914 206.785573 1245.143119 818.719288
0 1.072252 0.863062 586.314193 398.765002 1318.068148 988.167615
1 0.440913 0.481328 300.787045 3.930298 1152.856212 308.134391
0 0.797237 0.710862 669.844392 524.492625 1082.882894 1289.118728
0 0.593300 0.686999 483.114165 172.811354 1261.644871 686.968646
0 0.862397 1.127873 673.438914 776.907337 1315.437138 1276.438562
1 0.242310 0.326006 606.428912 13.566646 1017.826050 712.646680
0 0.613412 0.530777 76.811811 15.495376 1198.778550 85.256905
0 0.545692 0.579950 412.709377 112.801396 1241.998852 537.267557
0 0.584910 0.671853 454.277833 152.407179 1260.266534 630.500924
0 0.796796 0.827683 203.391372 298.090379 1355.397803 529.440768
0 0.930399 0.857524 79.715866 317.646812 1363.465700 492.720386
0 1.163293 1.163293 673.903778 890.727113 1359.463521 1281.388016
0 1.032564 0.938462 676.723295 493.826159 1209.762526 1226.665951
0 0.824865 0.824865 560.704010 235.243671 1268.035470 846.487699
0 0.980786 0.909857 582.251933 453.369714 1342.471580 1003.113097
0 0.835636 0.849313 385.604613 336.280864 1358.314933 709.093521
0 0.536518 0.463624 586.321614 46.720904 1118.374005 728.470293
0 0.407914 0.407914 278.236632 69.905657 1086.844671 292.910611
0 0.671742 0.696409 32.686114 118.343324 1291.756587 223.968302
0 0.729756 0.648360 370.393779 159.364300 1290.166150 531.823459
0 0.129906 0.613870 680.241125 194.461739 1056.876881 1090.885524
0 0.272436 0.607756 683.107054 645.874117 1290.339707 1257.774494
0 0.505754 0.868700 495.920763 218.499567 1295.072339 737.063563
0 0.834110 0.581926 661.942114 344.164028 1239.805505 1100.445717
0 1.062430 1.002986 682.561248 939.435844 1365.460483 1292.552092
0 0.643580 0.672977 613.684894 284.383012 1275.873466 959.454694
0 1.147099 0.427873 677.865697 195.407268 1105.043469 1063.552702
0 0.557963 0.975099 658.882032 551.157472 1340.652980 1159.902337
1 0.806009 0.504308 418.326013 38.752485 1198.238835 474.238321
0 0.906404 0.570543 491.862299 98.308915 1226.761060 623.736756
0 0.924133 0.837275 689.980291 981.572692 1370.477191 1314.221110
0 0.553733 0.598701 473.259390 82.823786 1224.991890 588.638821
0 1.148361 0.949948 689.151009 799.635908 1280.282700 1325.568967
0 0.875124 0.665548 662.972562 411.574480 1289.555337 1119.793706
0 0.414102 0.884053 631.683038 398.213893 1318.019254 1048.510807
0 0.877036 0.884606 691.847135 369.804992 1076.027063 1243.213755
0 1.081633 0.866450 647.124055 511.074122 1347.450070 1121.967359
0 0.589841 0.598054 686.401021 58.878074 976.995928 982.737525
0 0.769565 0.634158 595.435248 259.612148 1291.242829 914.075650
0 0.840511 0.850765 694.950149 314.742855 1067.095151 1212.422635
0 0.812530 0.729772 468.155470 306.602385 1350.364892 770.153406
0 0.730516 0.766310 246.736822 227.713288 1350.241810 487.002810
0 0.783781 0.588575 636.948960 154.900268 1197.004317 915.322840
0 1.036933 0.752774 689.712191 499.400768 1286.583162 1209.112341
0 0.354378 0.358004 458.443644 77.050744 1062.384946 458.580971
