0 0.673393 0.680010 753.271128 69.932303 888.064897 1177.358215
0 0.957926 0.697820 738.104976 434.186432 1004.323793 1363.684995
0 0.809959 0.888710 754.523853 535.399529 1315.235901 1306.449682
0 0.678638 0.859029 750.836932 294.797682 1218.608077 1208.166521
0 0.634889 0.893692 698.847419 238.849989 1307.991682 1037.541529
0 0.606480 1.139873 755.282165 173.405078 1024.911284 1215.669457
0 0.905133 0.488875 739.131670 162.460853 801.305038 1286.087749
0 0.169833 0.278747 621.767023 182.917887 925.430397 634.342093
0 0.187588 0.302076 660.149564 117.367175 1004.281736 672.244748
0 0.618638 0.539267 751.372446 206.838462 1155.926488 1173.131398
0 0.535167 0.480477 82.844777 45.243025 1231.484779 132.572873
0 0.527200 0.367454 485.264998 69.425511 1153.299508 485.807094
0 0.320194 0.786154 707.120368 121.801750 1221.489097 974.803884
0 0.228920 0.718502 753.328088 432.796011 1295.503834 1264.031065
0 0.871217 1.041573 743.255395 636.431439 1184.422659 1383.953185
0 0.178919 0.707555 746.529574 80.128006 798.895741 1227.885858
0 0.047159 0.407923 750.749671 176.891023 1146.185968 1144.943027
0 0.147804 0.445920 533.680178 196.011555 939.018881 608.358643
0 0.471286 0.351768 542.636936 111.355606 1084.105548 544.178105
0 0.336589 0.916179 765.624239 355.531007 1187.735056 1289.656775
1 0.436570 0.479954 561.694874 4.120158 1231.831852 618.107497
0 0.521356 0.481659 564.781986 7.351079 1234.807158 625.302136
1 0.609488 0.586893 381.282168 57.000868 1323.127153 440.350803
0 0.161928 0.062202 758.676318 39.776416 768.619376 1120.938891
0 0.342522 0.674345 748.502109 383.995343 976.153724 1364.182350
0 0.346016 0.959527 750.458707 407.690448 1013.826575 1365.303633
0 0.438153 0.497049 759.029401 534.671046 1189.722667 1364.899697
0 0.382138 0.913312 740.683100 318.346966 852.536693 1360.408952
0 0.097428 0.328147 762.319752 52.547730 933.770816 973.839838
1 0.434349 0.436575 620.437919 9.760194 1212.975345 708.041380
1 0.426163 0.464479 626.463531 6.014650 1205.823423 713.382360
0 0.317240 0.387188 750.624546 155.905062 683.089561 987.704488
1 0.037763 0.184472 775.795439 13.431442 949.044866 1102.420388
0 0.200554 0.494304 739.616269 43.484120 1151.359299 964.118124
0 0.288764 0.560241 691.324274 10.480791 1181.485369 824.520864
0 0.547173 0.889462 773.227685 553.798354 1364.105283 1309.313735
0 0.315325 0.358534 559.590906 116.221903 1090.772006 560.856213
0 0.703921 0.715397 763.416782 116.391701 1153.961705 1100.615665
0 0.762451 0.872933 717.480334 199.661509 1310.054954 1030.916701
0 0.951906 0.952653 745.347619 374.005990 864.666271 1387.604813
0 0.746612 0.675573 715.998220 179.510539 1301.971207 1018.239886
0 0.151641 0.513515 754.893271 118.415588 682.017457 1068.109544
0 0.525989 1.057579 740.309927 365.452904 820.890104 1387.354810
0 0.406457 0.466542 619.269361 40.679689 1260.972219 730.454196
0 0.245245 1.048217 739.105836 333.696388 781.470183 1387.404275
0 0.185880 0.316146 763.140817 203.383958 732.028916 883.290991
0 0.671309 0.990511 758.263558 469.963808 1052.656477 1383.311458
0 0.126249 0.713919 767.131113 74.734951 823.030205 1244.676187
0 0.520085 0.967653 719.731383 392.276669 681.881860 1409.403313
1 0.153633 0.141195 762.878460 37.695093 730.103688 1163.653929
0 0.627456 0.443068 325.086753 114.310364 1143.440542 388.967560
0 0.244016 0.819751 771.520805 215.847526 1198.276550 1193.287751
1 0.231817 0.380600 735.822113 33.983217 1178.181065 929.288794
1 0.243439 0.398995 730.993793 36.587580 1187.754388 922.453198
0 0.385069 0.506768 570.092784 22.119085 1232.415528 604.209156
0 0.360242 0.393273 778.818121 160.210469 920.317036 1293.459317
0 0.490929 0.350854 775.149622 71.346589 1119.676604 1078.107075
1 0.402483 0.433669 612.356777 12.373387 1226.784676 669.316912
0 0.127562 0.151125 786.906328 82.855175 876.194648 1012.806285
0 0.370314 1.179480 769.288013 77.227840 1149.665114 1063.316401
0 0.104071 1.009080 787.042134 449.238493 1292.276069 1323.285775
0 0.889234 1.058502 767.837104 640.385792 1187.218331 1410.357596
0 0.624470 0.313345 770.383267 2.932765 738.520552 1217.149608
0 0.999990 0.378632 735.088569 460.156462 785.006269 1421.494239
0 0.450409 0.444514 765.653538 103.664319 691.238355 1110.488646
0 0.369030 0.804026 128.836686 111.967157 1178.012594 302.178987
0 0.374279 0.450932 53.608757 119.449267 1162.212093 317.799002
0 1.153400 0.902937 752.554948 584.616939 967.105647 1432.681689
0 1.114537 1.180315 770.916707 471.942240 1019.666171 1410.941160
1 0.159751 0.054722 774.534328 20.038818 709.716844 1225.123805
0 0.243773 0.671694 794.899527 191.055493 1168.049260 1224.109054
1 0.179414 0.131177 750.339623 94.765986 613.083856 1151.635625
0 0.575371 0.985478 760.233877 419.732926 887.613751 1414.146203
0 0.261533 0.556682 785.935441 89.429542 1146.228498 1111.330064
0 0.267510 0.781299 794.872899 348.159937 1166.285063 1336.646601
1 0.097554 0.101421 795.313453 74.428547 840.976171 1075.686816
0 0.150695 0.514493 789.526883 34.403809 842.465624 1226.648583
1 0.478054 0.547166 557.935207 44.345034 1318.494823 642.035433
0 0.830716 0.293455 192.406066 151.073928 1109.809922 431.448107
0 0.822449 0.405001 228.235458 108.050196 1191.162021 331.723411
0 0.290457 0.620479 736.503463 42.738080 1213.830947 927.597750
0 0.132923 0.182601 724.710722 183.413699 656.943168 987.148567
0 0.332665 0.444425 669.197019 61.944519 1157.032739 709.068101
0 0.343092 0.128104 764.638244 106.329243 660.686403 1126.333567
0 0.298987 0.343039 765.078453 8.363423 1114.383454 947.350253
0 0.232757 0.787143 771.608675 119.484965 750.550506 1326.048402
0 0.821025 0.410536 244.137806 92.967593 1213.213861 311.861092
0 0.106533 0.363978 546.721568 238.807708 702.007462 893.776718
0 0.995959 0.890470 797.701300 293.995969 1189.038498 1297.929313
0 1.103037 1.103037 796.033450 507.233374 1362.981197 1328.348128
0 0.632599 0.264244 786.463973 139.603470 883.129284 1303.228187
0 0.462064 0.739001 771.497043 251.394534 838.624035 1371.681619
0 0.455287 0.631748 786.988950 282.611035 1003.429257 1352.557185
0 0.162021 0.585810 785.749953 92.685775 749.158219 1113.945591
0 0.592935 0.907870 779.252809 280.250591 922.368431 1368.756344
0 0.476296 0.558254 527.332855 24.734357 1321.806952 582.236142
0 0.534466 0.237576 674.294367 158.452987 1021.267937 675.786735
0 0.340007 0.373448 633.473314 101.120183 1139.278575 637.823012
0 0.713054 0.831480 801.521171 67.743693 896.548103 1253.742359
0 0.356181 0.437793 609.040506 101.406026 1145.635448 610.124194
0 0.757999 0.772832 803.796998 139.267793 1154.952444 1198.146062
0 0.678271 0.433173 804.558385 211.492917 1057.635761 1309.849500
0 0.316100 0.353009 723.568029 58.513518 1140.053174 795.205645
0 0.230360 0.124966 765.997086 2.333103 625.961970 1292.437782
0 0.228039 0.898690 803.263252 137.716864 975.523026 1283.225179
0 0.311760 0.737560 790.781205 76.485171 806.785674 1292.680477
0 0.359113 0.819840 807.304009 188.326052 1111.242482 1265.613606
1 0.110574 0.067270 792.395227 31.801739 760.797356 1204.770672
0 0.292990 1.095815 727.623416 4.001454 1207.651594 862.305666
0 0.371294 1.083177 805.962759 200.522063 1189.592221 1239.919259
1 0.645524 0.629404 291.282198 34.070311 1363.145159 318.367277
0 0.773611 1.053455 792.412096 338.372037 1013.655230 1385.928702
0 0.210872 0.248162 648.867353 157.924466 1043.443437 652.926307
0 0.130604 0.182535 797.105065 99.142010 974.151275 923.066520
0 0.590129 1.023452 808.315040 331.209030 1272.712593 1300.955444
0 0.473498 0.682137 774.732519 358.903065 817.630484 1426.741895
0 0.433637 0.555086 166.086325 201.750907 582.493908 1026.341510
0 0.662803 1.087802 806.053095 409.652086 1127.734905 1395.498969
0 0.298080 0.696882 788.641984 11.576437 1153.359603 999.546586
0 0.131359 0.829386 812.969215 183.529925 1019.551709 1314.595686
0 0.144658 0.456663 817.639878 136.136865 1091.445923 1244.911844
0 0.231214 0.218168 806.605621 183.304743 772.339360 970.655852
0 0.817476 0.529803 811.690711 169.754858 990.432277 1316.419991
0 0.758841 0.433802 755.750512 47.547545 540.197381 1357.899598
0 0.997092 1.114237 806.428174 485.903272 1186.625862 1404.609705
0 0.490957 0.774811 788.222599 92.924798 730.046648 1341.519000
0 0.540623 0.443237 757.702837 135.906350 636.209186 1102.483575
0 1.029301 0.873746 754.314841 486.885713 770.365861 1447.289449
0 1.054757 0.853777 808.947236 669.375180 1316.470041 1420.779796
0 0.097397 0.720805 815.982198 93.052378 1117.110845 1179.471947
0 0.655922 0.509100 818.396988 197.793067 1159.084639 1272.410726
0 0.723699 0.537810 747.202401 68.556693 1127.262932 818.706219
0 0.985578 0.726640 809.394712 436.051356 1099.065589 1416.566967
0 0.652966 0.545499 820.024392 153.367193 964.501360 1329.296097
0 0.233438 0.323297 819.456110 55.020041 1140.236268 1126.171214
0 0.497553 0.385093 801.129291 45.146599 1100.678724 959.025087
0 0.906139 0.783862 781.398176 586.156431 999.039237 1455.333771
0 0.321042 0.615910 807.989236 56.958686 1069.898907 967.125735
0 0.890378 1.162118 792.872208 572.352865 1075.205828 1448.668371
0 0.511646 0.672701 772.135542 358.877597 739.927016 1439.673991
0 0.353513 0.289570 722.161770 97.078242 1133.519652 750.037442
0 0.337615 0.769819 827.861183 295.903650 1265.734039 1307.134939
0 0.197996 0.752237 817.473404 275.741993 1035.584172 1375.177081
0 0.542394 1.077274 750.795883 303.613155 510.416573 1455.299550
0 0.302075 0.598033 757.940629 31.500340 510.244446 1308.850750
0 0.983329 0.974534 749.642840 320.499148 500.339659 1460.731028
0 0.443963 0.512100 836.805672 122.581544 1167.495621 1221.254262
0 0.383323 0.398809 763.824600 123.563358 503.349724 1418.618740
0 0.312539 0.376574 836.017426 57.828114 1008.409184 1058.612261
0 0.258713 0.557857 820.291198 346.108062 1038.414236 1411.173443
0 0.015301 0.798218 838.131620 141.683965 1071.151546 1292.801836
0 0.803954 0.788732 765.629283 65.668545 499.513594 1400.350379
0 0.885741 1.004007 837.989840 255.653214 1148.796964 1350.401792
0 0.436004 0.426332 45.968306 140.565914 1197.720198 388.098809
0 0.146441 0.636705 838.399790 243.891480 832.520657 867.956705
0 0.890818 1.166815 806.697172 606.500001 1134.544785 1453.809535
0 1.054526 0.589988 741.047088 413.820758 489.347472 1470.475746
0 1.356621 0.760357 831.444526 265.513609 1041.338159 1388.489027
0 1.535819 0.958859 844.435401 211.005816 1216.401025 1291.980867
0 0.206591 1.306973 619.683033 180.305007 1074.140378 658.272731
0 1.031407 0.764914 826.078091 253.834824 935.757193 1410.085816
0 0.508141 0.391619 848.299218 118.920475 936.204770 1016.556237
0 0.540372 0.273901 769.379145 302.880213 560.031498 1463.158217
0 0.310096 0.864338 805.439125 135.079299 1331.600486 1101.326229
0 0.818963 0.535420 776.576622 8.153168 525.096470 1364.611358
0 0.377186 0.059288 826.199160 155.422197 758.871239 1072.242222
0 0.679735 1.063239 764.975004 267.465070 524.358018 1457.752283
0 0.724960 0.605237 826.400792 209.864340 895.578286 1402.282841
0 0.818689 0.689866 820.741393 367.815082 981.980025 1439.998098
0 0.379126 0.549946 839.819646 33.565051 1085.447539 1058.101441
0 0.374065 0.386694 821.267691 111.088235 1051.773975 904.975919
0 1.046665 1.048685 810.485385 542.641654 1053.915436 1462.927266
0 0.182160 0.328157 552.411853 199.234599 1052.011495 656.619865
0 0.903082 0.410313 818.778559 227.596790 846.828418 1417.555084
0 0.192821 0.300856 814.755337 185.817025 970.582960 824.845678
0 0.125511 0.114588 839.505891 16.202559 843.868617 1251.284329
0 0.227063 0.948485 834.553285 313.416627 1053.684891 1410.248140
0 0.850768 0.568985 777.326999 23.433553 519.693589 1380.799123
0 0.628333 0.605938 854.555342 329.513561 1195.362043 1396.852194
0 1.008418 0.307822 818.283334 417.908548 948.145146 1458.909470
0 0.108855 0.097759 831.829329 170.416658 766.121058 1053.929974
0 0.709915 0.844880 806.817930 370.447562 812.455621 1464.634308
0 0.533775 0.362971 801.969934 73.925117 625.467165 1264.325870
0 0.770221 1.177079 857.429222 127.485097 1193.827268 1246.929961
0 0.391949 0.425332 831.490184 30.659368 1157.591082 1006.339876
0 0.827940 0.447768 860.687318 62.576644 1092.588724 1235.659927
0 0.460408 0.879678 817.707893 38.620480 629.465281 1396.587721
0 0.707282 0.456006 820.490726 98.284536 674.612479 1222.902480
0 0.309805 1.152160 826.176624 454.912173 966.622114 1481.277836
0 0.239239 0.724730 846.763210 387.797514 1080.354909 1456.638035
0 0.916582 0.601042 815.730921 197.316864 676.864432 1454.967798
1 0.386014 0.310606 714.462597 29.670813 376.803373 1357.191419
0 0.124033 0.449469 867.185729 153.667786 873.713535 1047.115508
0 0.566692 0.156843 83.146004 236.066876 999.226758 729.049079
0 0.278367 0.568277 869.021919 174.699379 1145.948487 1340.264064
0 0.158617 0.578157 859.366902 64.524747 1208.910464 1172.635392
0 0.578052 0.306958 783.287246 92.075178 584.141048 1255.181140
0 0.642811 0.077694 848.682531 89.248649 776.025580 1223.559354
0 1.169765 0.608096 816.093323 526.622673 960.187506 1481.011156
0 0.215950 0.215950 864.094487 225.266632 910.266228 878.892404
0 1.148763 1.148763 821.888058 473.953925 958.152580 1475.104541
0 0.489108 0.691871 799.988726 349.466450 682.683427 1478.471513
0 0.199110 1.012887 866.213689 262.686401 1338.756329 1318.888989
0 0.334519 0.410192 790.339463 106.709282 617.408409 1220.287926
0 0.427917 0.144527 819.782058 153.001283 722.215276 1109.818961
0 0.566962 0.386295 817.603075 6.913021 626.171847 1365.899765
0 0.070114 0.093439 869.444848 182.001444 873.495883 985.726030
0 0.533170 0.672123 766.921972 294.468253 422.627068 1489.768268
0 1.283306 1.131827 831.562595 444.633345 978.120194 1472.739878
0 0.100228 0.228269 849.225418 176.824044 786.073144 1057.539428
0 0.711938 0.611295 875.755021 204.724149 1126.088700 1384.211668
0 0.332113 0.718924 865.058121 170.095876 972.190540 1405.568229
0 0.334289 0.886891 870.058271 199.515520 1051.242631 1400.533635
1 0.080013 0.222126 877.891390 3.839310 1088.110169 1176.632987
0 0.897664 1.012917 847.458482 184.753399 833.022350 1440.361178
0 0.804284 0.811806 851.983650 298.371696 968.709948 1457.363231
0 0.425030 0.362656 128.860156 134.494664 1250.897048 406.695992
0 0.298168 0.243360 713.871395 98.181010 495.117828 1272.409916
0 0.083299 0.200509 869.402795 154.769354 835.010750 1104.252170
1 0.396607 0.327180 708.359934 26.955798 354.947490 1373.577512
0 0.337690 0.317965 734.984279 60.775757 450.778502 1327.599143
0 0.284566 0.745061 857.323637 39.114427 787.824206 1295.848654
0 0.340240 1.050623 836.513469 512.275243 1043.523059 1483.552128
0 0.916129 1.064731 819.515994 527.450929 924.200407 1492.270698
0 0.884371 1.041888 835.388367 480.304546 1006.283673 1482.107492
0 0.217658 0.319760 859.964576 38.487504 838.304182 1350.108703
1 0.063298 0.219178 879.357095 6.481939 1079.442744 1179.730410
0 0.768421 1.172474 819.766845 498.907791 884.885621 1498.529345
0 0.995483 0.710443 827.825067 355.542423 834.518692 1475.347666
0 0.738433 0.973284 779.473145 264.344017 436.133977 1493.257249
0 0.514754 0.641971 844.214643 260.084314 874.578393 1453.208294
0 0.528971 0.318420 766.657460 115.917595 348.773774 1472.588011
0 0.478282 0.371690 559.598805 108.552528 424.003141 1271.808091
0 0.770968 0.779778 856.452195 253.075819 964.140984 1436.376725
0 0.774965 0.319471 805.822435 35.513676 494.668657 1433.930878
0 0.076652 0.635463 889.577806 258.615785 891.976618 889.924433
0 0.336447 0.874906 536.093929 126.154121 1239.050891 566.474818
0 0.629757 0.613656 752.517737 18.301854 401.905853 1390.136200
0 1.049178 1.056514 854.111847 496.689087 1098.775351 1490.560753
0 0.313407 0.325984 615.242560 137.318656 1204.923355 631.426514
0 0.606286 0.195834 745.546474 29.435335 328.867417 1433.228613
0 0.861703 0.317788 299.317929 136.626656 445.272647 1245.531911
0 0.660333 0.464006 740.801440 63.219570 279.997041 1455.974047
0 0.783141 1.064772 883.519106 312.817269 1194.759032 1423.828107
0 1.192281 0.932968 818.096887 535.959583 841.761404 1509.723509
0 0.583953 0.705095 753.802653 120.858175 262.642313 1486.525105
0 0.772361 1.046206 831.119156 468.019483 888.289032 1502.188834
0 0.462565 0.372704 522.907440 64.980658 279.204213 1359.627789
0 0.091603 0.438972 869.173135 128.717790 795.287428 1189.664627
0 0.545769 0.335760 198.596007 189.452281 1157.026578 579.873293
0 0.840430 1.099676 849.938407 319.291850 887.505123 1480.851548
0 0.793568 0.678435 887.956329 6.613761 969.573164 1285.874510
0 1.142855 0.890998 880.657802 474.901243 1278.127979 1462.404781
0 0.350007 0.732569 800.799795 23.898944 454.433192 1436.759732
0 0.385506 0.224649 836.550548 178.525086 757.271324 1104.012849
0 0.104892 0.244287 891.023842 57.874416 1112.655821 1090.600626
0 0.705079 1.156248 764.648106 382.505816 316.526967 1519.712678
0 0.653663 0.910076 838.813180 482.873545 901.397085 1510.187752
0 0.571915 1.030242 893.901107 424.149881 1301.052448 1461.420561
0 1.137238 1.137238 767.778251 339.122057 322.673220 1516.007969
0 0.460569 0.217718 890.461289 156.543573 854.686203 1111.078237
0 0.521491 0.402343 897.068317 133.646161 901.282571 1124.964490
0 0.033114 0.086322 900.331054 264.028622 901.994834 900.466449
0 0.227448 0.356855 840.001426 142.162653 714.635638 1189.690493
0 0.688596 0.687392 876.175265 135.134236 900.417293 1419.492462
0 0.095154 0.526189 890.615603 140.018243 859.223563 1150.894849
0 0.489707 0.302895 458.144020 136.862640 466.961309 1257.214930
0 0.485716 1.430867 768.379940 112.087986 284.727401 1491.520667
0 0.666864 0.344298 503.391746 109.040699 403.323509 1302.553024
0 0.246221 0.433282 877.307563 136.742363 897.445879 1426.982099
0 0.515692 0.583182 686.150876 21.568621 300.420369 1409.020597
0 0.871159 1.016510 822.415459 352.567938 651.290015 1510.189323
0 1.036718 0.637894 846.477198 422.393100 896.728287 1500.278412
0 0.569279 0.993885 856.927149 335.199213 900.725014 1489.805721
0 0.421013 0.578344 893.362838 170.451548 1065.189118 1406.633264
0 0.697455 0.628478 821.645535 206.719512 554.014343 1494.908875
0 0.375747 0.248207 731.806010 70.188227 452.123271 1342.438639
0 0.443159 0.581042 893.803974 172.092334 1066.156827 1410.030916
0 0.710389 0.885051 899.756430 198.657213 1163.064497 1389.942871
0 0.599595 0.890897 763.065964 398.366662 272.785624 1524.446570
0 0.561009 0.441702 890.123458 122.221025 814.721347 1208.735639
0 0.905366 0.495788 798.977442 380.088465 464.297650 1524.533275
0 0.521522 0.499254 871.544997 36.918568 723.126676 1367.083442
0 0.547522 0.631965 621.071146 6.247755 169.393360 1452.953694
0 0.440831 0.675794 783.664072 2.647200 404.471634 1433.831565
0 0.119809 0.726499 911.432408 177.710444 1185.198591 1390.416006
0 0.438072 0.243833 718.279486 11.600554 270.723891 1448.915145
0 0.257202 0.759333 900.561018 218.895505 1083.123377 1441.256291
0 0.538869 0.481034 572.390564 47.843957 264.875954 1402.603134
0 0.575037 0.340104 562.305174 133.915056 505.005502 1262.995593
0 1.069024 0.502898 422.938161 57.467354 224.105445 1400.538483
0 1.204394 0.960596 847.538911 230.084299 652.713694 1503.904205
0 1.508336 0.185957 912.982219 231.047420 945.349603 923.661300
0 1.370258 0.185361 705.779421 196.488741 1104.662256 755.850081
0 0.512757 0.436584 846.702815 116.565387 576.075388 1488.976198
0 0.963983 0.636770 815.002028 191.142310 425.601823 1515.908356
0 1.050615 0.741190 829.338886 394.647602 630.112994 1525.686337
0 1.018906 0.469809 837.706875 325.183165 634.644809 1520.333510
0 0.912055 0.909148 882.085819 173.516730 827.819224 1475.962555
0 0.498660 0.491014 352.297257 68.005993 238.391465 1397.905356
0 0.483764 0.479675 900.529987 116.864312 827.734377 1238.819221
0 0.609903 0.610852 124.701711 63.649964 191.232251 1408.748798
0 0.175841 0.146318 916.189332 208.638283 969.788281 942.787409
0 0.598151 0.398750 913.072674 214.676106 1130.737487 1438.379759
0 0.297112 0.338670 729.169868 111.958032 1260.371778 730.902089
0 0.459851 0.315729 549.560814 176.486592 629.758009 1183.725228
0 0.901437 0.897869 868.560597 156.931477 731.849291 1482.352123
0 0.631643 0.603368 854.408413 153.447486 624.602606 1496.239401
0 0.270044 0.237417 864.794380 178.527005 780.411212 1135.115241
0 0.152477 0.547008 867.205799 118.695286 722.398702 1255.059666
0 0.702141 0.532013 766.378541 210.520028 190.343534 1528.563935
0 0.849017 0.498575 764.906151 172.088248 177.519194 1527.392478
0 0.711207 0.084730 787.093079 188.571821 278.301426 1526.500467
0 0.410703 0.689424 898.413223 15.392707 819.081618 1369.428911
0 0.539462 0.219897 792.058225 115.279867 596.153636 1295.552085
0 0.226327 0.862911 920.958900 348.561258 1241.200770 1478.812337
0 0.900228 1.065964 896.119572 473.556751 1143.564906 1518.007210
0 0.758362 0.191443 641.287656 186.830144 689.003439 1161.640714
0 0.698018 1.071714 845.600879 463.900000 737.613443 1536.255028
0 0.425338 0.426274 242.562446 104.771961 339.564561 1359.471809
0 0.978268 0.983259 914.468791 308.911826 1143.059467 1484.160128
0 0.402171 0.727524 5.100616 162.508366 532.491604 1250.023299
0 0.294932 0.173730 138.030864 224.618419 740.912837 1103.175413
0 0.907959 1.053523 856.473107 434.002508 795.667735 1533.224436
0 0.894172 0.410539 822.982977 334.080817 483.414362 1533.777217
0 0.936652 0.654241 868.689360 56.892653 641.025426 1470.235353
0 1.121165 1.006811 860.826720 325.407364 740.885034 1523.624302
0 0.489071 0.056413 909.776575 150.219812 837.669436 1182.966504
0 1.121036 0.716312 906.390794 351.426304 1105.115791 1501.226845
0 0.555513 0.769419 739.441594 62.974249 199.398588 1500.831344
0 0.396349 0.922666 885.373978 179.653000 786.080860 1494.107576
0 0.731877 0.502359 758.733977 378.381691 155.599775 1537.708535
0 0.650526 0.629485 797.344704 157.525740 288.548761 1528.405903
0 0.591749 0.909387 828.760208 131.363609 440.441786 1515.318678
0 0.684468 1.049638 796.844855 146.434330 285.060649 1526.920275
0 0.647142 0.752243 837.862702 139.896166 480.219255 1514.265561
0 0.641613 0.195218 224.766102 202.187109 686.488441 1148.995552
0 0.529765 0.510934 430.259224 57.742607 231.756324 1422.044814
0 0.548897 0.916541 828.725534 137.746190 431.659212 1519.610632
0 0.554482 0.304660 254.825681 211.060862 1139.141366 702.051503
0 0.790925 0.781333 869.737185 22.969668 596.523266 1470.190248
0 0.450361 1.091492 309.195128 94.913936 319.007031 1386.257610
0 0.758261 0.445768 907.981229 18.009093 801.364734 1426.999356
0 0.994740 1.093884 777.696106 191.959485 164.309667 1543.313448
0 0.559310 0.462590 565.684373 43.148475 245.910080 1441.608564
0 0.955131 0.632872 854.403398 183.092197 543.858031 1526.023060
0 0.581631 0.145789 544.685221 209.898758 747.527101 1123.662239
0 0.336816 0.458102 926.754767 154.772394 1032.913222 1453.440258
0 0.549179 0.816910 916.593474 258.595877 1031.988326 1497.719584
0 0.608072 0.699316 615.885323 38.916265 79.717575 1506.437916
0 0.515539 0.217972 858.405439 92.044230 648.211475 1339.221407
0 0.528166 0.359087 859.864717 85.851229 644.295271 1345.745522
0 0.770735 0.591949 901.179406 515.633973 1147.724289 1531.760951
0 1.118631 1.118631 755.356775 225.214392 68.972041 1546.853251
0 0.679763 0.679763 883.901881 73.175039 689.911052 1356.237194
0 1.075959 0.365533 818.235650 131.726866 336.990694 1533.269732
0 1.050089 0.375646 818.807442 138.515691 314.983999 1540.680514
0 0.336534 0.336534 709.918502 169.129888 663.343716 1229.604571
0 1.067836 1.046111 782.442493 325.400480 168.255834 1552.011295
0 0.852103 0.677753 869.615663 60.019690 561.020204 1504.246609
0 0.610535 1.502528 906.200188 68.283472 744.997564 1373.254008
0 0.638521 0.731525 356.460642 224.510509 765.461844 1122.514785
0 0.956273 0.101336 759.562074 168.568188 85.747990 1548.659381
0 0.876364 0.516333 876.445083 322.452276 709.046317 1541.673663
0 0.258710 0.355810 861.816019 139.483797 714.311433 1260.298720
0 0.770322 0.487707 900.064939 156.092767 766.735209 1507.903440
0 0.932629 1.193347 906.853182 509.458618 1121.000708 1540.878911
0 0.769946 0.427091 943.614005 225.730270 1161.538425 1473.528451
0 1.021265 0.297657 800.628292 346.687680 238.080905 1555.986624
0 1.250713 0.863557 897.998860 92.036772 690.624185 1503.718708
0 1.186902 0.938921 923.868811 486.040884 1173.719236 1544.575142
0 0.672631 0.638792 867.590664 37.529319 514.389909 1502.128440
0 0.324910 0.327211 958.306413 111.909087 965.944690 1231.034864
0 0.529629 0.776752 854.254965 29.804342 467.044361 1500.684539
0 0.338805 0.496216 962.941084 21.873680 1096.960698 1296.879986
0 0.346765 0.779368 899.352919 191.055007 730.489718 1530.195327
0 0.691870 0.545995 776.941067 419.601648 133.649534 1556.295565
0 0.291491 0.241988 890.581530 15.487365 621.220848 1484.587473
0 0.612825 0.813576 653.880670 39.226280 101.801583 1524.698397
0 0.158346 0.317265 964.168882 108.575390 1046.681166 1177.651370
0 0.782847 0.601083 895.235471 146.127486 675.448049 1524.430864
0 0.692701 0.669900 439.425295 20.398917 15.990864 1523.103705
0 0.795564 0.619996 902.066205 15.496494 670.105681 1480.836348
0 0.739118 0.553381 788.926195 92.963313 204.416504 1545.765036
0 0.541545 0.545705 457.358453 46.707016 205.263349 1478.246726
0 0.657258 0.366618 943.655771 53.479577 884.142138 1465.675176
0 1.085113 0.644551 858.836530 432.042514 585.699386 1562.591273
0 0.924411 1.182516 911.382369 444.440176 970.982778 1556.222598
0 0.178709 0.181656 973.830286 159.390565 1021.493860 1112.658612
0 0.402464 1.365109 864.819565 41.233266 554.773313 1445.945270
0 0.605267 0.480445 811.203760 133.826934 636.734037 1321.502892
0 0.377537 0.397297 866.516278 173.455117 483.023047 1551.070129
0 0.330801 1.467194 882.449851 7.815188 554.399667 1490.428374
0 0.742337 0.336317 721.830543 173.457699 682.812017 1250.401984
0 0.317304 0.800474 957.398593 214.415518 1103.140114 1504.972363
0 0.396174 0.398279 422.168934 118.699641 425.615308 1384.270015
0 0.601403 0.430410 671.429106 25.223019 142.267130 1527.022973
0 0.487138 0.481953 918.241341 110.107143 746.163160 1343.854723
0 0.425519 0.881218 917.984753 97.109889 695.994149 1526.458610
0 0.752669 0.729509 770.070506 28.172723 249.965909 1529.808458
0 1.087008 0.914463 859.001628 391.265237 477.051505 1571.466302
0 1.049804 1.159468 914.331965 360.863230 846.911446 1563.617701
0 0.522743 0.444663 868.798479 13.363697 482.321251 1508.920105
0 1.180769 0.511946 775.140246 327.479690 43.258172 1566.372956
0 0.439084 0.838735 824.623147 76.049445 290.410300 1546.683856
0 0.489966 0.887235 880.344213 342.693716 586.487829 1567.472675
0 0.703464 0.728408 458.612392 10.805681 44.952409 1533.806311
0 0.562274 0.828893 774.240677 84.316524 167.631054 1552.781144
0 0.515601 0.698441 47.377718 103.617294 336.111560 1426.231511
0 0.872683 0.552026 872.138106 239.764983 500.126218 1563.953814
0 0.343415 0.429402 754.968811 108.559781 536.632427 1383.716283
0 0.945549 0.930073 905.391635 472.617355 890.704527 1567.192355
0 0.069327 0.088860 974.239119 200.410221 943.552462 1116.717051
0 0.893657 1.049627 928.092336 388.586895 981.357574 1558.644646
0 0.476770 1.029094 897.725310 316.034005 687.736113 1564.686920
0 0.493251 0.371660 891.585700 139.766412 737.737343 1299.058466
0 0.418117 0.934305 899.217517 486.076506 842.391458 1571.685116
0 0.924385 1.065044 151.050352 19.535040 63.590168 1526.054583
0 1.249237 0.650858 869.110752 167.159689 413.578747 1567.445949
0 0.943289 1.155539 83.041242 145.400248 482.014181 1370.503786
0 0.820444 0.879571 824.782038 289.272946 211.623223 1575.451071
0 0.532798 0.365232 941.764913 46.880922 754.460807 1447.490294
0 0.366497 0.321374 328.508147 162.264132 563.604359 1331.169138
0 0.802671 0.941216 931.221432 169.471753 757.662900 1548.525607
0 0.651399 0.888556 667.134791 76.136732 22.744825 1563.856580
0 0.393194 0.558735 873.992420 7.378891 498.065204 1502.801982
0 0.652549 0.931257 61.021068 44.970306 137.275747 1511.878513
0 0.326686 0.326686 120.331931 163.433116 552.963205 1335.413543
0 1.020857 1.006831 891.884402 252.264042 557.605140 1571.690377
0 0.534597 0.233140 944.379457 144.686080 814.323066 1296.049744
0 0.937488 0.656093 858.166972 54.318648 363.277450 1555.316836
0 0.841562 0.802197 870.416152 151.053879 359.399387 1577.447801
0 0.911978 1.044841 908.413598 331.508356 668.354022 1579.652028
0 0.497230 0.335441 983.008321 59.108563 915.569268 1402.254050
0 0.608648 0.534943 510.690412 29.744924 175.010255 1524.474924
0 0.540989 0.324510 866.021996 82.625050 377.817776 1564.064904
0 0.876978 0.978097 780.477205 194.043121 20.630524 1582.827091
0 0.633928 0.662018 546.397642 2.829914 100.891931 1546.443210
0 0.743577 0.874399 889.630974 73.214890 470.591123 1558.829541
0 0.712360 0.971986 921.130379 50.589780 615.017194 1542.223222
0 0.453335 0.193698 894.125230 67.543383 612.194594 1448.724799
0 0.329382 0.163472 983.551547 129.676194 907.704630 1307.436320
0 0.411520 0.266656 834.372033 43.046775 465.342367 1488.699908
0 0.661887 0.673043 647.211700 83.833213 19.927509 1574.847290
0 1.198859 0.765924 855.744888 29.730924 466.959791 1507.787061
0 0.665591 0.881656 711.347590 130.895903 43.054364 1587.597776
0 0.712741 0.746254 355.304077 20.987261 18.515769 1570.931193
0 0.607141 0.669821 933.742015 192.121901 675.299614 1577.234448
0 0.166294 0.383276 976.924039 150.947292 875.717333 1281.965867
0 1.107399 0.766667 775.921345 333.754360 53.647649 1582.782959
0 0.463029 0.451030 654.698507 99.487600 455.653028 1444.769484
0 0.327492 0.609784 331.028371 160.386431 573.315410 1356.909032
