0 0.745505 0.669296 276.204105 149.251151 243.671783 1384.749335
0 0.906636 0.593804 510.989006 251.658718 170.248337 1417.178270
0 0.979981 1.066172 557.909900 292.066860 81.520751 1425.537686
0 0.820017 0.912673 600.048667 145.637996 102.158511 1380.868199
0 1.039236 1.085885 179.194897 532.107267 677.541573 1430.380307
0 1.015748 1.099593 274.296364 507.781027 624.122987 1430.777353
0 0.853411 0.988350 419.611944 300.104948 345.670792 1425.311985
0 0.280282 0.868227 592.846820 100.497714 414.846458 1117.858747
0 1.035682 1.009549 172.071485 524.551470 674.672108 1430.761493
0 0.972977 0.834765 296.690380 444.240238 565.666971 1432.647229
0 0.838426 1.106830 39.072215 203.208959 369.225684 1404.392738
0 0.624887 0.645267 346.398694 83.598329 105.636895 1349.113957
0 0.842244 0.507838 555.866862 268.906345 84.830210 1421.609415
0 0.402576 0.355208 516.920241 42.394734 242.116862 1218.659550
0 0.303572 0.276063 431.178162 122.118117 373.484169 1097.974701
0 1.011861 0.996944 266.180390 505.837987 621.576992 1428.411872
0 0.986301 0.972139 27.755085 380.908327 576.783364 1428.872749
0 0.804523 0.625065 628.122694 263.888968 202.152476 1404.919492
0 0.732789 0.938238 416.864553 253.478914 297.290358 1417.045671
0 0.954110 0.824259 305.820178 408.974063 533.029414 1430.138587
0 0.768957 1.280421 634.332580 211.556928 215.879657 1396.331032
0 0.995521 1.019105 111.624661 446.969946 622.232860 1430.268494
0 0.886398 0.905517 380.868639 331.599680 405.863309 1426.283259
0 0.817589 0.625960 616.554232 259.460841 143.320413 1408.900512
0 0.478798 0.714511 677.043130 6.401876 431.147877 1248.442132
0 1.149314 1.005908 17.194277 445.340548 628.408735 1430.297226
0 1.147584 0.987188 48.989886 414.936097 605.989600 1430.044229
0 0.557982 0.920034 593.360728 238.374026 47.457138 1412.881340
0 0.552935 0.914768 594.629569 235.199464 58.850812 1411.583767
0 0.551521 0.595763 484.618228 12.530596 159.768194 1258.293503
0 0.523893 0.872426 621.882025 181.369950 166.643545 1395.095191
0 1.025814 1.029196 1.921011 463.914714 646.788858 1430.332825
0 1.094179 1.094179 256.382004 510.750874 629.783834 1428.488676
0 0.886661 0.813070 397.047101 211.394601 264.422306 1404.860559
0 1.073076 0.665822 569.225610 323.135606 32.930745 1423.258922
0 0.802092 0.317871 590.875077 77.869585 143.532748 1338.074086
0 1.095443 1.047958 98.812322 491.891137 661.446579 1430.071168
0 1.026984 0.935612 13.220250 329.448438 526.973139 1426.191706
0 0.933212 1.015250 286.860964 383.918188 522.934743 1429.982863
0 0.616146 0.401478 198.972304 80.416510 211.592700 1181.912298
0 1.074573 1.090860 116.877148 562.791557 710.279522 1429.780491
0 1.027596 0.985409 83.453098 396.450495 588.512998 1432.582127
0 0.678714 1.188675 496.239295 294.928100 234.962843 1425.972259
0 0.610254 0.617233 552.116598 129.969174 10.313943 1374.924638
0 0.313408 0.792504 669.266906 37.505835 373.449741 1300.489571
0 0.935111 0.283758 7.007876 335.669914 529.970714 1426.829121
0 0.891808 0.890667 21.199982 282.126554 467.772292 1420.236718
0 0.884348 0.890835 27.258179 282.187501 467.679982 1420.247541
0 0.362935 0.352380 237.960634 107.607309 288.177462 1138.421037
0 0.264340 0.974896 342.576622 153.437463 426.400667 1049.519667
0 1.018839 1.013830 147.683884 520.240970 674.098142 1432.007078
0 0.996677 0.999397 181.010730 491.387902 646.721068 1432.841124
0 0.902089 0.906221 13.439476 272.157218 460.288874 1421.232852
0 0.528549 1.214254 644.021680 75.654480 430.913868 1154.018991
0 1.029856 0.722630 20.478282 116.834841 231.480450 1369.981540
0 1.028400 1.033700 58.385533 469.412634 647.434599 1435.260063
0 1.032988 1.044027 100.181955 475.978670 652.060445 1434.952044
0 0.922121 0.957074 256.751973 324.582279 471.703521 1431.469465
0 1.012798 0.968043 439.868505 384.758933 380.106656 1435.503799
0 1.073675 1.100054 136.618850 568.299335 706.950514 1430.605611
0 1.055910 1.024193 140.925650 546.281626 689.085124 1432.151352
0 0.988417 0.966777 153.880738 420.790803 596.718531 1435.665064
0 0.862592 0.720861 322.942702 319.645099 445.210563 1434.054824
0 0.662126 0.794180 564.142534 282.233154 86.507209 1431.016899
0 0.529603 0.930323 599.343195 158.142433 70.192597 1396.125779
0 0.392032 0.716171 653.225438 65.094492 285.041422 1336.873055
0 1.046868 1.068006 128.570210 516.240479 672.214159 1433.693345
0 1.043976 1.115184 255.355307 541.860782 647.538872 1431.196358
0 0.839852 1.276900 507.251615 276.897143 209.073447 1427.274985
0 1.067955 1.079762 88.318963 548.378576 698.694323 1432.370104
0 1.066410 1.077351 82.919864 539.328028 697.314472 1432.566433
0 1.057825 1.050447 28.546499 519.142506 684.200659 1433.815900
0 1.051531 1.002303 209.396163 501.353077 646.462394 1433.744053
0 0.948478 0.965880 154.462012 349.699756 536.215128 1433.822472
0 0.934225 0.757326 567.666079 246.963434 59.219580 1422.374289
0 0.988587 0.943002 395.192839 377.668761 431.949055 1435.260094
0 0.978535 1.052236 499.747797 318.250366 248.030412 1432.383475
0 0.996089 0.999742 69.854147 406.542935 604.711096 1438.217308
0 0.990007 0.993686 70.406330 401.761043 596.692685 1438.090520
0 0.953892 0.922933 221.886582 353.116167 528.211289 1436.725145
0 0.864362 0.876341 97.863378 254.306092 435.468826 1424.956482
0 0.854441 0.893040 265.107922 249.757017 388.973796 1423.802827
0 1.167677 1.011784 7.041927 432.007749 625.116729 1438.397175
0 0.650946 0.785796 430.135792 114.571717 115.725283 1378.062625
0 0.979488 0.984818 38.620223 389.209392 586.537218 1435.500614
0 0.897123 0.950911 348.729502 285.683719 390.180460 1428.010518
0 0.939874 0.759068 551.479967 255.828256 107.082745 1424.337268
0 0.932246 0.955311 228.820423 405.813766 568.909716 1435.998744
0 1.055346 0.956168 24.050203 351.221444 547.584300 1433.981550
0 0.865810 1.091543 389.277386 429.957213 476.304491 1435.812072
0 1.111825 1.064205 41.400392 519.552538 687.790794 1433.891719
0 0.985678 1.005988 243.973786 508.310097 638.148782 1433.483760
0 0.964177 0.978122 220.803144 460.369345 610.396757 1435.629047
0 0.760446 0.824401 235.488352 188.438184 313.374458 1406.699407
0 0.687148 0.733749 299.122320 139.369948 217.434184 1388.364970
0 0.640450 0.568427 114.655736 12.426190 22.211905 1307.658032
0 0.661386 0.573197 98.037458 5.872672 17.680428 1290.005894
0 0.660377 1.233757 665.188195 260.645331 332.559218 1403.759346
0 1.112237 1.010623 1.689392 422.953722 616.695901 1436.134665
0 1.063892 0.974628 48.909569 400.329585 592.279109 1435.889311
0 0.711323 0.964073 436.715329 266.395118 294.678362 1425.430912
0 0.701101 1.062961 564.243013 283.654478 86.736386 1429.556149
0 1.248489 1.080148 97.122753 542.660103 699.341743 1435.499681
0 1.045586 0.709010 71.413947 101.794258 206.298726 1373.926689
0 0.752772 0.986847 444.389986 279.999130 317.183543 1436.922199
0 1.027490 0.867469 164.811339 468.137126 634.271400 1440.270447
0 0.898097 0.866999 211.320376 285.417701 450.877512 1434.769283
0 0.678618 0.696091 151.256681 84.589572 163.425044 1371.329208
0 0.683717 0.600279 322.278951 90.111769 131.950341 1373.893166
0 0.824743 0.803482 539.233969 167.724808 73.394154 1407.810131
0 1.044041 1.040388 29.910259 469.523434 656.332080 1443.031391
0 1.045911 1.061356 152.240076 485.265306 654.399541 1442.273991
0 0.992616 0.945000 304.998745 387.837789 526.965885 1443.967470
0 1.043899 1.011949 88.550617 451.537909 637.548955 1440.971854
0 0.821782 1.001130 360.197819 334.149968 432.706033 1439.614425
0 0.819289 1.065271 427.426609 372.668673 406.563208 1441.449298
0 0.444746 0.555683 623.279746 68.314706 190.143141 1351.643767
0 1.262623 1.110452 134.253145 575.578459 719.498550 1436.900873
0 0.980570 0.979178 291.572185 332.422590 474.296394 1441.846821
0 0.860567 0.996081 450.513318 288.005417 313.984152 1438.212373
0 1.050425 1.040883 199.174104 599.511656 705.744082 1431.943814
0 1.009546 0.980483 179.969375 431.782333 607.041793 1441.361278
0 0.875295 0.873874 269.270204 290.940920 435.317783 1435.581184
0 0.716057 1.100578 521.252008 198.071181 134.918579 1418.462780
0 1.132400 1.146488 225.674092 603.375857 702.434020 1433.496116
1 0.748015 0.867436 426.653947 255.148698 309.542713 1433.774377
0 0.735166 0.889855 510.009038 257.964958 205.637991 1434.174992
0 1.038887 1.041153 203.758391 436.941368 606.342337 1444.018209
0 0.699980 0.849083 437.955697 243.373171 282.006306 1431.413297
0 0.900094 0.352655 159.808564 148.696946 278.538917 1405.678272
0 0.968506 0.949459 18.077805 333.638419 537.142356 1442.401234
0 0.919927 0.883873 116.091137 288.435665 477.146422 1438.313117
0 1.029058 1.006455 257.146725 564.078780 665.947372 1437.512611
0 0.990201 1.107584 277.777616 500.893182 625.340672 1442.256248
0 1.060388 0.955469 82.631148 360.671410 558.160219 1446.509728
0 0.909019 0.989850 277.380115 342.513157 493.068452 1445.962046
0 0.658477 0.968071 534.322029 217.525688 145.212357 1431.088214
0 1.077635 1.122336 157.754361 581.084299 720.046889 1439.832184
0 1.063836 0.996079 59.672741 384.301881 590.524569 1449.447204
0 0.877785 0.955548 360.502782 387.167317 493.119043 1449.447379
0 0.838177 0.536629 369.402041 308.526689 412.146346 1446.515738
0 0.838870 1.088878 469.687564 371.240442 363.426880 1449.442043
0 0.432131 0.556943 583.953481 5.264571 223.741329 1298.563384
0 1.081465 1.098084 124.078664 548.486423 702.225151 1440.354785
0 0.946606 0.953856 379.846151 383.956057 470.041348 1447.012383
0 0.788903 0.814803 399.686699 209.571970 274.040920 1429.084584
0 0.816813 0.726147 399.396489 238.912106 310.553114 1435.306518
0 0.732375 0.821406 431.321953 209.592255 253.751678 1429.446226
0 0.680904 1.049252 524.431774 298.758648 213.846400 1443.821952
0 1.000030 0.683737 25.550442 68.614088 149.273932 1374.655701
0 1.084431 0.940108 91.707757 333.704518 538.912639 1448.501267
0 0.627279 0.603715 476.732360 31.137310 58.733608 1340.833110
0 1.033808 1.076476 159.734675 500.047540 665.802493 1446.128340
0 0.968065 1.047442 220.843464 433.651583 601.768918 1448.904678
0 1.042900 0.939273 16.570179 316.658755 517.873702 1447.195741
0 0.751379 0.834217 416.024894 256.584686 326.756996 1441.075395
0 0.986710 0.967143 216.622647 415.138510 583.031200 1446.912193
0 0.863101 0.898475 357.725715 307.717895 418.277143 1444.401244
0 0.701814 0.900353 500.686795 175.508927 145.952640 1420.037061
0 1.074033 1.025108 129.570952 502.025916 671.385413 1443.487680
0 1.025683 1.025683 331.293679 367.715580 490.620327 1447.074110
0 0.962552 0.964865 460.663828 246.301340 269.222411 1437.143506
0 1.075092 1.388576 672.494338 338.761777 319.114661 1430.680000
0 0.606775 0.580089 557.457051 199.213222 93.395888 1429.083806
0 1.092329 0.081977 9.404321 529.580217 699.622217 1442.175537
0 1.036472 1.120637 317.194072 498.505891 601.062057 1442.266815
0 0.992268 1.001524 64.256426 398.034444 594.105926 1447.252142
0 0.852852 1.000209 492.408274 267.653601 251.471476 1440.557378
0 0.683238 0.684672 223.064625 98.386133 180.642166 1390.689828
0 1.101035 0.569220 147.812800 568.802946 715.402590 1441.254408
0 0.961984 0.943091 197.811346 358.753633 546.688211 1449.604656
0 0.930700 0.697800 347.127978 299.732361 421.305667 1446.416195
0 0.951037 0.919595 404.843568 321.586777 402.804459 1448.138934
0 0.790338 0.806966 118.011691 172.560692 321.812933 1422.555437
0 0.854592 0.821474 465.479195 202.669784 218.720266 1430.327753
0 0.850260 0.822503 550.823217 175.914305 76.941160 1420.040936
0 1.035014 0.326034 118.662958 472.224591 652.084613 1445.402372
0 0.987099 1.005064 49.622187 371.530192 571.094049 1447.467209
0 1.030754 0.987182 406.613773 417.151203 467.144537 1446.921487
0 0.995257 0.976212 645.626009 341.985153 177.185169 1438.174784
0 0.956556 0.968041 21.746776 333.114534 538.984327 1448.963536
0 0.935046 0.958468 400.814885 308.528980 389.781723 1447.451856
0 0.996462 1.400547 535.818904 322.384608 207.313595 1448.809141
0 0.958554 1.053642 608.188478 247.204438 1.242821 1440.587891
0 1.115160 1.128329 161.570544 589.752741 724.336762 1439.662587
0 1.014171 0.990221 144.656787 441.855065 626.271180 1449.441662
0 1.012259 1.080184 560.951087 321.402563 160.178512 1449.226321
0 1.107849 1.051614 143.891933 553.837240 705.714768 1446.511221
0 1.033047 1.033047 82.865399 433.952364 629.894675 1453.941430
0 1.089572 0.985322 418.925359 399.174316 456.730086 1454.581825
0 1.104886 1.104886 447.593545 402.617915 417.510362 1454.453027
0 0.720640 0.803533 6.837043 97.084787 204.645792 1402.084099
0 1.091422 0.980472 559.757702 312.808549 180.837466 1453.887102
0 1.200803 1.090247 0.042629 540.594087 708.611865 1445.282648
0 0.962243 0.817911 75.748894 188.310087 351.226772 1433.193828
0 0.690674 0.580244 461.186174 179.270616 195.181883 1429.370604
0 0.983776 1.123046 306.469500 505.199423 617.715366 1448.704958
0 1.051298 1.028746 100.994614 420.344982 620.763859 1454.241432
0 1.122625 1.135073 175.926319 589.209561 722.567670 1442.545588
0 1.221154 1.083898 23.078110 534.265062 705.660661 1448.548674
0 1.049508 1.057534 251.739702 588.905421 694.575542 1440.912205
0 1.194188 1.057468 35.744134 486.700138 672.987401 1451.557618
0 1.060514 1.117310 223.477214 538.900064 676.010451 1446.945022
0 1.006857 0.890231 270.140850 534.517233 658.395421 1446.289333
0 0.716800 1.019342 609.423009 219.369397 3.535019 1441.291304
0 0.624546 0.652975 369.050208 68.628418 79.307519 1382.012105
0 0.869313 0.673851 241.044458 125.621536 226.988382 1414.719781
0 0.696732 1.031677 548.280044 264.752308 179.134798 1449.608405
0 1.007446 1.130543 259.204505 539.157988 666.232271 1446.163462
0 1.069145 0.434560 143.180797 460.311397 646.819938 1452.744317
0 0.958687 1.001509 349.406943 448.876073 560.535046 1452.538315
0 0.676001 0.718964 418.504339 113.793661 134.571064 1407.991674
0 1.189748 1.060124 93.165289 480.305825 659.459316 1449.629589
0 0.678389 0.929430 522.808357 285.819601 229.894784 1449.557668
0 1.114981 1.142684 226.151253 584.375333 694.070271 1440.237634
0 1.062010 0.986212 232.354027 442.461923 603.111498 1451.174569
0 1.073404 1.020520 197.599448 391.318220 574.694500 1452.724385
0 1.159143 0.120792 18.396818 306.402271 504.747354 1450.808672
0 0.814684 1.436380 436.531747 408.838285 434.839677 1451.977605
0 0.960796 0.713854 175.493188 113.996175 218.488918 1408.203907
0 0.718877 0.646755 540.745663 278.236889 202.397199 1449.117617
0 0.537676 1.181702 595.652855 162.552378 6.397843 1423.270025
0 1.106549 0.464702 141.929835 545.862872 705.261638 1447.091177
0 1.102564 1.102564 330.160792 461.590970 577.211997 1452.217544
0 1.055802 0.951590 425.768156 357.399082 416.198242 1455.503241
0 1.063108 1.079167 144.436898 502.599165 667.966865 1448.232097
0 1.027080 1.059036 116.442268 469.156883 652.400972 1450.056353
0 1.008948 0.890242 175.833665 464.710193 634.983571 1450.374324
0 0.917936 0.746326 330.840797 328.384049 459.311368 1452.255462
0 0.902872 0.906773 349.801016 312.128676 432.719639 1451.489468
0 0.619290 0.721166 369.109451 69.317337 80.795210 1383.172044
0 0.890644 1.296767 604.093046 286.230275 32.004918 1448.994575
0 0.991637 1.009062 219.881102 487.367072 639.459189 1448.831879
0 0.872455 0.904990 373.600732 325.705163 427.097914 1452.130240
0 0.755293 0.926226 444.766202 215.083409 256.290329 1439.220631
0 0.671109 0.574064 391.108772 141.614987 193.731043 1418.637512
0 0.576946 1.215481 628.279885 127.646374 111.195239 1408.322047
0 1.104522 1.090907 24.143925 542.193117 710.878813 1448.374589
0 0.968192 1.021775 167.293589 401.452980 591.230482 1455.335755
0 0.651554 0.613009 214.738732 14.397518 14.121292 1346.221031
0 0.565410 0.595539 344.156705 26.100744 4.362150 1353.630905
0 0.841622 0.827452 477.888709 357.051879 349.598026 1453.441148
0 0.944422 0.944422 49.142494 313.214578 515.765846 1454.502059
0 0.858934 0.668417 337.937224 184.189313 283.282236 1434.911935
0 0.984288 1.031249 139.540524 420.671401 612.557957 1455.265032
0 0.636217 0.857779 510.540989 100.755206 43.638685 1401.069150
0 0.610276 0.598439 237.174233 28.371983 40.938998 1358.695026
0 1.115322 1.102282 63.861843 549.730881 714.001791 1448.392291
0 1.058236 1.040637 179.539587 527.714220 683.226120 1449.509613
0 1.083906 1.066034 62.739458 485.910704 668.115318 1453.574613
0 1.017857 1.056528 174.847497 448.123397 625.141225 1455.581114
0 1.074177 0.246576 13.450317 415.387965 619.156046 1457.057233
0 0.795984 0.798911 565.933217 281.502298 159.545421 1455.564881
0 0.554673 0.878547 675.581629 85.279724 252.223993 1391.859853
0 1.143375 0.241112 58.790978 564.815484 719.875562 1447.635557
0 0.961914 1.096179 312.935449 457.427902 583.234673 1454.366071
1 0.587710 0.433296 477.270014 68.619598 17.576468 1389.532906
0 0.521729 0.701191 444.676958 26.566271 155.083273 1308.035435
0 1.100603 1.113191 105.045650 563.820320 718.494732 1446.991881
0 1.123098 1.098372 127.510812 534.061400 693.479214 1449.850059
0 1.030817 1.106856 251.871845 502.845231 641.325665 1451.371420
0 0.537666 0.867338 666.177968 154.773558 180.787247 1427.317940
0 0.974121 0.939854 184.015492 345.314585 526.127544 1458.222240
0 0.950989 0.883475 72.360096 239.646869 421.601684 1450.729346
0 0.849359 0.730825 97.620674 104.016291 214.525834 1414.022561
0 0.869140 0.840306 11.558377 78.714090 170.521512 1401.486596
0 0.624733 0.396596 513.034970 141.725873 103.364696 1425.512013
0 0.648865 0.656216 389.423080 67.158344 68.171740 1391.018096
0 1.084632 1.149205 230.256137 582.787438 698.836803 1443.356148
0 1.031494 1.139288 245.799105 556.690485 679.154111 1445.916354
0 0.921239 1.008661 354.158727 458.827989 557.764633 1454.052257
0 0.654266 0.942164 590.311823 258.153811 94.801138 1453.350087
0 0.595073 1.090478 561.780236 121.985316 19.956155 1416.681294
0 1.145267 0.192117 7.707156 511.465595 693.009143 1454.554514
0 0.972261 0.939207 223.663388 354.256692 534.001934 1461.145422
0 0.892741 0.908396 174.314405 253.624277 433.979515 1455.645789
0 0.655659 0.857389 542.522801 200.700419 149.758044 1446.039433
0 0.671967 0.965288 634.591746 274.462655 49.955954 1454.678358
0 0.456095 1.000689 649.015507 32.395173 241.645318 1355.841257
0 1.091179 1.091179 6.777926 536.504481 704.492803 1450.393262
0 1.069986 1.069986 46.629357 488.583252 674.834944 1453.484506
0 0.662567 0.589079 288.389892 36.436771 44.742734 1372.944262
0 1.101794 1.059198 240.333751 582.927941 700.824341 1445.841583
0 1.060833 1.050551 242.346528 560.423610 688.564045 1448.334883
0 1.063353 1.090678 179.822020 500.521917 667.135365 1454.990270
0 1.020664 1.017624 165.449635 471.044071 649.503856 1457.166683
0 1.037653 1.000607 121.986991 428.437322 627.523710 1459.423167
0 0.984371 1.035465 254.129038 390.817438 562.503664 1460.871383
0 0.776147 0.804550 339.626714 196.718686 303.999817 1445.781071
0 1.031391 1.136599 302.960177 519.840740 631.523040 1449.304835
0 0.979696 1.106159 366.105590 448.804149 533.614673 1455.706484
0 0.967020 0.394409 129.346810 372.709709 578.167535 1461.672571
0 0.591446 0.760357 603.094036 43.584371 149.039257 1369.846402
0 1.013711 1.027899 47.596297 390.958254 598.448579 1461.453011
0 0.502505 0.408735 429.273248 40.610025 181.139162 1294.904538
0 1.206821 0.126548 16.820216 561.108870 729.968433 1453.580882
0 1.078816 1.031256 164.301199 495.132896 668.935244 1459.266303
0 0.986072 1.140120 325.363321 510.042086 617.886348 1456.278384
0 0.682589 0.692090 360.253617 44.949128 41.982459 1389.537665
0 1.107918 1.109980 94.111664 555.409261 713.084240 1452.021854
0 0.978400 1.064781 264.355949 425.259172 585.268750 1461.412111
0 0.811725 0.932305 357.919844 238.636906 354.049628 1457.959617
0 1.299802 1.074583 38.644505 513.084765 693.847809 1455.432691
0 0.939738 1.059888 362.350660 382.524132 498.975019 1463.378467
0 0.663746 0.344532 596.370609 8.507736 225.620760 1331.032913
0 1.101782 1.087966 30.400922 546.024860 715.356672 1452.612705
0 1.066993 1.031731 157.011542 487.540919 663.753563 1457.143611
0 0.954408 0.937955 147.159992 327.831802 521.337605 1463.957243
0 1.110184 1.109953 5.269176 566.031918 724.423278 1451.394807
0 1.093412 1.093412 82.206438 524.556522 694.950641 1454.840515
0 1.046145 1.046145 350.294572 369.952449 495.858559 1463.790649
0 0.832478 0.629200 511.147735 112.704331 69.102961 1422.807258
0 1.087457 1.029658 233.241590 519.209956 661.487981 1454.204620
0 1.087265 1.132972 348.084820 484.421334 587.120839 1455.898410
0 0.966970 0.935423 537.382331 279.788059 232.068629 1462.142381
0 0.695533 0.685851 334.134678 79.361745 119.805865 1410.134077
0 1.010281 1.103570 658.851260 337.224238 129.748197 1459.668944
0 1.068427 1.073875 82.018561 484.701705 672.888946 1460.452415
0 1.008006 0.970974 299.173764 393.932593 547.234169 1465.628937
0 0.923317 0.896362 598.222816 213.104965 74.431371 1455.565673
0 0.917608 1.291571 603.996600 206.227143 56.159843 1454.074288
0 1.116821 0.730441 224.773613 582.922245 699.939569 1447.487501
0 1.053708 1.070569 160.084072 461.984696 644.855774 1459.153132
0 1.092229 1.139541 326.737226 509.457184 610.501523 1453.877153
0 0.987207 0.725133 268.072022 423.136895 587.585720 1464.113287
0 0.460833 0.455645 538.320805 6.553077 167.979106 1337.784559
0 1.053560 0.784820 271.124277 438.349357 602.483326 1463.014573
0 0.869375 1.053090 433.855197 343.153041 411.988836 1466.833895
0 0.875432 0.875957 313.069965 193.613113 317.377953 1453.283267
0 0.526541 1.245293 668.843853 381.082011 184.942737 1462.684977
0 1.082999 1.069831 68.622639 521.304900 697.688581 1454.872117
0 1.056958 1.012077 428.373196 425.968728 471.706028 1461.013265
0 0.896118 0.713370 349.266759 255.361258 379.140307 1460.289156
0 0.757513 0.624478 198.812018 127.817356 244.738063 1433.373195
0 1.005889 0.689841 617.463583 293.643202 39.699335 1462.389582
0 1.102725 1.058183 152.996254 545.709240 702.475187 1452.276003
0 1.078440 1.126711 384.178493 459.995943 535.093526 1458.683696
0 1.023607 0.973251 430.333866 375.310059 434.125117 1463.999780
0 1.220893 1.104421 41.028645 539.280436 707.261176 1453.987551
0 1.243607 1.024745 27.916647 405.566712 612.819032 1462.911906
0 0.564055 0.945008 597.457972 165.525228 24.093845 1441.645226
0 1.024610 1.078589 180.545901 466.806153 649.729970 1461.451346
0 0.982783 0.986317 228.124458 411.681718 595.244495 1464.936017
0 0.980365 0.974613 101.058095 337.149237 537.822254 1467.021362
0 0.942295 1.030872 285.890878 371.484884 533.321122 1466.717546
0 1.014393 1.122685 398.478343 447.995442 516.817829 1462.402482
0 0.888709 0.888257 111.847865 256.648034 446.017640 1463.057301
0 1.094087 1.133501 247.462900 542.281243 670.093792 1452.046308
0 1.190980 0.945264 245.189827 353.465119 530.606183 1467.557120
0 1.085114 0.954761 346.854869 370.477779 504.413933 1467.217683
0 1.141717 1.167972 194.944916 623.193980 736.127344 1445.970922
0 1.098184 1.099272 25.006856 532.314506 705.112212 1458.144149
0 0.966000 0.385449 428.722247 394.316815 460.649684 1467.877601
0 0.874794 1.127960 404.801530 276.052743 375.558138 1468.398582
0 0.724858 0.446235 254.154456 109.331518 203.632635 1435.236067
0 1.164659 1.156760 197.914247 601.435364 726.433660 1451.672375
0 1.044977 0.968905 418.613682 402.007393 481.900238 1470.004060
0 0.912722 0.880213 436.022015 247.455133 325.608482 1468.508892
0 0.791127 1.320922 670.160627 93.651130 182.044228 1419.323350
0 1.138069 1.122583 10.341862 571.698715 738.173763 1456.183684
0 1.087978 1.137368 219.689727 553.831302 694.618530 1456.978777
0 0.929669 0.922059 88.142561 263.836991 462.749965 1470.389403
0 0.728670 0.685965 35.927444 56.318662 129.333221 1411.965465
0 0.712353 0.666400 659.586569 125.602900 129.632652 1435.536814
0 1.086787 1.173378 206.227846 627.362825 734.420475 1445.216857
0 1.179576 1.078883 3.891614 503.055833 686.178514 1460.958109
0 1.118479 1.101444 154.840485 513.527812 680.299771 1459.551345
0 0.960659 0.827124 52.646828 171.444879 330.615020 1454.587244
0 0.751343 0.595170 269.506481 120.872342 223.220258 1442.467520
0 0.955722 0.897290 104.594389 296.177613 495.122412 1469.895437
0 0.925092 1.453151 521.096889 343.787623 307.830908 1470.222042
0 0.839387 0.765822 546.747646 249.599152 205.884229 1466.634394
0 0.915300 0.858754 614.343149 354.237792 67.166447 1470.207006
0 0.721536 0.826563 643.258991 136.751010 79.664469 1439.485083
0 1.045383 1.149123 237.596284 563.975567 692.813848 1452.866988
0 1.035490 1.096374 256.480547 465.263401 625.545973 1463.287913
0 1.091833 1.150752 171.687032 603.072693 729.256900 1450.208124
0 1.022972 1.044208 76.720127 427.072975 626.888567 1467.251952
0 1.029847 1.038884 150.992187 403.881933 602.785860 1468.338386
0 0.834553 0.846560 422.664174 218.263096 295.737347 1463.630996
0 0.579381 0.591051 157.027796 7.642729 28.266958 1362.447851
0 0.974052 0.499069 477.045619 4.143209 117.104091 1364.749277
0 1.134928 0.693245 174.695203 588.386991 731.910131 1456.386534
0 1.124949 0.958905 107.753170 340.905840 545.320926 1478.097453
0 1.082486 0.921672 136.548537 294.633943 492.617073 1478.057735
0 1.182647 0.361211 92.114472 578.646018 730.796167 1456.869107
0 1.067402 1.132324 201.614042 542.252361 694.197920 1459.249392
0 1.053946 0.703538 237.093328 481.897655 642.014173 1466.003655
0 1.120634 0.991756 11.520401 345.099955 553.983962 1475.580116
0 1.117644 0.255193 65.462426 550.944509 725.415682 1461.693481
0 1.108252 1.126948 129.799367 558.014635 719.273615 1461.158988
0 1.099673 1.096310 23.381736 512.619948 699.182063 1466.263107
0 0.915561 0.915910 10.244562 248.670059 449.446207 1476.203695
0 1.104611 1.139047 117.843589 589.940793 734.123144 1455.510714
0 1.083122 1.130896 145.991944 558.872244 715.838219 1458.111028
0 0.824201 0.561820 264.376299 179.104148 311.632301 1464.148622
0 1.171028 1.142041 197.300474 566.893500 705.655873 1457.126996
0 1.074302 0.645262 78.628182 81.365347 177.098837 1434.050752
0 0.992464 0.727345 113.611212 79.744228 171.002354 1433.134463
0 1.160330 1.129459 22.538110 584.173981 747.059452 1458.577686
0 1.034736 1.006465 254.798630 443.423643 614.554309 1472.451030
0 0.871331 0.870889 336.083108 248.906989 386.345061 1476.492915
0 0.837522 1.259373 518.639003 319.078262 317.100259 1479.076125
0 0.769588 0.686632 541.070423 318.182967 286.470491 1479.074601
0 0.691853 1.316570 609.702888 192.377479 62.581327 1467.314642
0 1.105997 1.107671 89.907534 521.383490 705.136626 1465.159149
0 1.088921 1.040009 288.533784 507.730229 645.445942 1465.640310
0 0.813428 0.827864 94.608185 163.764826 321.099049 1464.393174
0 0.975712 1.046007 555.238745 266.639786 231.631375 1477.801705
0 0.987926 0.969344 626.707122 260.009153 70.834277 1477.034389
0 1.057020 1.126101 209.876944 528.442013 685.509645 1464.140096
0 0.670899 0.682260 129.154937 47.564105 103.833955 1417.869474
0 1.140969 0.844494 186.003763 568.697439 709.772230 1457.446570
0 1.122119 1.122119 154.483606 537.830597 702.004659 1460.794810
0 1.070437 1.044296 99.435032 454.653162 652.395880 1469.304141
0 1.061014 1.061014 81.130972 445.565129 643.314766 1470.484501
0 0.881351 0.883014 8.055099 216.106195 402.493550 1471.662753
0 0.999899 0.908172 446.398356 270.283389 345.648929 1475.782628
0 0.828871 0.488772 111.989078 164.251178 317.149868 1462.357046
0 0.983208 0.879209 537.929485 217.820422 198.759363 1470.623339
0 1.036424 1.015331 68.077002 372.550770 586.961757 1477.723843
0 0.956946 0.850797 552.120189 337.249585 275.959086 1479.059611
0 1.091993 1.147315 274.645375 538.639927 663.506725 1459.709710
0 1.038312 1.040311 162.697573 479.124208 661.874866 1466.933701
0 1.085531 1.151586 304.661834 529.656513 643.932180 1460.312881
0 1.022873 1.115251 274.427975 481.225463 633.348391 1466.065446
0 0.947348 0.359608 100.021517 317.939766 521.851528 1476.948301
0 0.919653 0.803315 445.264780 303.600831 380.640301 1476.905306
0 0.540935 0.953270 164.319734 328.657309 525.458439 1478.272575
0 0.787642 0.862222 514.648653 206.520278 215.030576 1471.055082
0 0.455598 0.818772 200.798647 579.656645 712.925855 1457.297497
0 0.473083 1.061481 0.668775 440.873451 647.297169 1472.434660
0 0.596178 1.024484 384.433022 453.694815 547.205465 1470.626901
0 1.159846 1.185731 202.702992 637.445188 750.603485 1452.165544
0 1.105317 1.137480 252.127758 525.162170 672.911565 1467.114417
0 1.079655 1.107166 218.715344 485.122694 657.270616 1472.077450
0 1.059223 0.900934 351.247179 433.413486 564.321197 1477.117399
0 1.070828 0.969956 393.222636 437.618593 539.146360 1476.464122
0 0.983169 1.007337 204.186802 341.150635 536.742616 1483.452826
0 0.663031 0.639395 164.163516 39.148421 82.700403 1421.401792
0 1.157565 1.186335 211.076075 633.964173 746.394968 1452.435460
0 0.800777 0.634100 636.380942 105.150627 71.953619 1445.975821
0 1.122859 1.027863 340.125558 457.293663 595.959928 1474.047149
0 1.202953 1.129084 80.102582 562.055734 727.630140 1461.446853
0 1.230142 1.121409 79.229999 546.058850 718.083609 1463.268862
0 1.095727 1.057239 201.415497 525.686199 686.632895 1464.752078
0 0.956634 1.030789 387.990209 458.513213 549.375167 1471.736066
0 0.899780 0.877244 309.784042 244.076673 389.561703 1479.743993
0 1.114259 0.855372 3.139981 187.381041 359.825687 1473.610642
0 1.007296 0.981362 113.338124 356.450602 561.287223 1480.520585
0 1.103890 1.103890 654.794884 281.870902 8.629958 1480.458397
0 1.135369 1.155697 189.380579 586.780752 726.087957 1460.341275
0 0.955231 1.047095 357.872846 490.564944 605.572078 1469.987146
0 1.009401 1.005917 290.840578 429.772533 594.475633 1477.607668
0 1.213381 1.148821 107.868317 594.987412 748.746810 1459.764909
0 0.795659 0.774686 405.640544 245.586575 354.803319 1482.526608
0 1.097652 1.180969 209.762344 625.802531 737.686256 1451.444888
0 0.994174 0.968527 43.891009 313.211762 518.827767 1482.046961
0 0.867993 0.695234 552.933025 316.790244 275.959052 1481.977062
0 0.734505 1.389637 610.606532 279.816216 134.998045 1484.130674
0 1.120146 0.752754 179.328726 620.892933 745.897700 1456.145746
0 1.084049 1.083852 226.109261 618.503268 730.573054 1455.172587
0 1.006175 1.021891 297.560854 542.863221 663.896811 1464.381181
0 0.785749 0.737475 355.722295 110.363660 180.634538 1456.177007
0 1.093988 1.052251 169.697032 516.673653 689.325152 1469.282740
0 1.002655 1.069706 225.035308 417.364884 609.139483 1478.742628
0 0.824274 0.823118 146.603703 175.668179 338.914646 1474.805295
0 0.957061 1.024859 606.067317 339.697181 155.762697 1484.533898
0 0.908516 0.774583 456.294959 233.608757 314.253197 1482.016265
0 0.852841 0.842784 527.784195 171.079853 168.624234 1471.792277
0 1.003530 0.762137 512.074943 244.005943 271.621426 1482.545698
0 1.052721 1.023831 152.212646 373.980811 573.090326 1480.198852
0 1.142008 1.148485 117.795610 594.505302 742.202113 1457.684313
0 0.926710 0.918385 120.912352 278.346074 474.048578 1482.248021
0 0.800422 0.872046 499.106821 134.868125 137.404570 1460.562204
0 1.134250 1.158047 239.147733 567.676361 701.542112 1462.234259
0 1.140862 0.211992 53.147921 388.480137 603.194795 1478.897324
0 0.956609 1.029140 417.697097 440.235591 514.183616 1474.156281
0 0.845269 1.025034 469.759662 284.132262 346.478951 1482.415949
0 0.731323 1.207377 580.222511 254.609059 180.461419 1480.969983
0 0.503935 1.259154 682.247481 198.137761 113.984802 1472.781379
0 1.085624 1.061136 68.241576 476.268490 672.836086 1471.454262
0 1.017167 1.017167 140.030457 365.742349 567.303619 1480.980181
0 0.974177 0.907533 291.804679 284.998258 445.400547 1482.743788
0 0.621158 0.571614 332.823842 6.059365 59.711426 1384.214811
0 0.828771 0.982377 452.603184 262.604914 348.456634 1489.588423
0 0.813132 1.083186 605.876630 273.805820 167.518900 1489.797031
0 1.119513 1.146538 218.386980 547.049606 697.335701 1465.263732
0 0.806475 0.537050 274.982615 169.121058 310.862647 1480.860218
0 0.625456 1.007904 608.173130 106.704524 12.093354 1457.285688
0 1.057363 1.083481 137.493141 457.062875 654.816559 1479.389248
0 0.972982 0.578266 225.175550 349.280335 538.981959 1488.665155
0 0.974932 0.947830 109.501462 305.846474 512.681106 1490.100409
0 0.931433 1.023053 359.844567 374.461577 517.960214 1486.933108
0 0.953679 0.208046 116.225455 258.927000 457.179948 1489.729774
0 0.865654 0.867535 265.134176 221.639431 384.686657 1487.511368
0 0.783354 1.090064 557.718821 229.388568 209.010983 1487.251374
0 0.551159 0.731441 260.898767 25.633972 90.814691 1377.008017
0 1.141514 1.176469 248.108433 593.610247 707.764796 1458.722415
0 1.080150 0.977039 120.121750 486.379231 673.231709 1474.036428
0 0.835987 0.434223 276.727453 167.287875 304.076387 1478.404065
0 1.023878 0.841625 546.694884 322.686198 302.942803 1487.348072
0 0.776019 0.758158 355.344824 116.442093 191.876423 1464.703142
0 1.094268 1.094268 242.939926 443.271066 627.703417 1480.730391
0 1.013471 1.013471 195.987188 342.885203 543.014150 1489.553421
0 1.129808 1.129808 578.882264 335.977246 257.320553 1490.007643
0 1.194766 1.075347 75.765522 491.446145 686.186666 1476.447418
0 0.686283 1.077144 590.920636 275.742883 202.878085 1490.990321
0 0.573768 0.858828 625.829094 165.538445 34.853137 1477.138964
0 1.065659 0.567792 208.972655 455.249617 636.111812 1477.755049
0 1.274636 1.110894 144.747604 483.509856 692.586687 1485.656015
0 1.337332 1.093702 78.056690 467.534567 683.895601 1488.230407
0 1.329487 1.036106 87.564864 409.678137 641.256511 1493.975341
0 0.982157 1.052119 421.159120 464.673732 560.943191 1488.027695
0 1.013120 0.995312 398.568865 421.371018 546.856404 1493.874479
0 1.098070 1.036518 66.353562 404.318122 638.055241 1494.524632
0 0.934801 1.051763 336.963640 350.248080 524.509411 1499.916438
0 1.154884 1.170413 122.577006 617.128862 772.262220 1469.138530
0 0.874949 0.798524 269.091437 200.040489 372.926894 1499.036655
0 0.858274 0.750786 253.730621 184.427308 352.888419 1497.185695
0 0.746139 0.539733 86.339428 82.557373 192.048895 1470.360160
0 1.113534 0.754575 220.673010 584.803600 730.329071 1469.937822
0 0.904056 0.989057 304.225244 286.244485 460.402109 1500.032991
0 0.857871 1.091000 470.782870 352.237539 430.285741 1497.706486
0 1.084393 1.071172 281.856679 526.528619 682.403767 1476.985462
0 0.904988 0.839994 391.001127 180.065177 294.830814 1493.446900
0 0.669937 0.898387 606.664830 203.702041 128.732439 1494.559735
0 1.024399 1.065653 352.411687 513.044621 640.651341 1478.210269
0 0.952303 0.371638 436.191964 448.739090 526.463244 1487.989759
0 0.649283 0.695728 589.823461 143.099618 70.743104 1477.066860
0 0.729697 0.706442 670.438185 283.545836 7.983149 1493.248858
0 1.116635 0.624572 204.428144 555.709784 704.411169 1468.241557
0 1.083182 0.398422 184.072573 400.119631 602.870240 1486.470967
0 0.949873 1.127550 370.524300 443.643830 558.571966 1482.485971
0 0.970809 0.814866 185.965473 152.858846 299.891012 1483.446811
0 0.608093 0.993538 671.681664 269.294840 19.278633 1492.866430
0 1.137851 1.177521 275.751263 567.286917 708.548920 1474.134599
0 0.737201 0.805955 506.885118 81.610925 58.829491 1464.244191
0 1.145480 1.169639 154.820396 611.411301 748.697487 1460.581732
0 1.118876 1.104908 91.311973 497.847877 685.912858 1476.518358
0 0.699043 0.620129 73.469821 16.784530 44.520076 1399.953449
0 1.009169 0.392687 80.542994 350.385095 558.881566 1491.479016
0 1.098822 1.098822 525.931648 335.078644 336.797023 1492.560316
0 0.997726 0.997726 461.214317 250.370847 333.380068 1493.481340
0 1.153121 1.153121 64.161506 597.810488 752.395878 1463.483221
0 1.178188 1.178188 215.219601 602.903483 730.171843 1460.590452
0 1.018516 0.924620 438.830849 281.501041 380.319678 1494.010988
0 0.963458 0.963458 529.258029 194.733198 209.594574 1488.691814
0 1.126787 1.125881 14.577179 537.545194 724.231431 1473.517580
0 1.121284 1.138209 179.338212 539.022554 705.583430 1473.287061
0 1.088976 1.085796 36.926332 459.155119 670.127178 1482.888544
0 1.071362 0.099973 56.265861 431.893848 648.253052 1485.872282
0 0.981248 0.962114 210.123957 333.123945 528.863520 1494.987511
0 0.971146 0.931850 493.745329 273.264024 336.782428 1496.491730
0 1.128686 1.178622 217.304767 604.830488 732.171436 1463.361060
0 1.178088 0.101915 6.660687 552.037749 729.623775 1472.454796
0 1.169850 1.112412 3.353850 515.646598 706.684366 1476.905590
0 1.046767 1.125899 214.265280 499.628379 677.088710 1477.592589
0 0.854867 0.893046 312.093729 255.339684 413.696920 1496.231356
0 0.957750 0.879351 146.055023 219.927629 404.897441 1494.652673
0 0.809540 0.682044 466.783316 238.563653 320.004423 1495.470796
0 0.681799 0.700566 298.671258 38.652310 57.202397 1441.025088
0 0.676392 0.494891 259.786315 11.978580 3.972006 1423.177708
0 1.017528 1.082668 235.710951 424.649177 613.503016 1486.981076
0 1.086552 0.773900 224.093949 594.119647 739.967678 1471.136458
0 1.095857 0.923900 208.513224 358.813787 571.332069 1499.725401
0 0.799763 0.919163 433.289351 267.794287 387.174751 1503.043422
0 0.741015 0.980043 526.760123 313.592230 355.414851 1502.627371
0 1.245471 1.172890 105.972227 620.059072 779.620454 1468.412639
0 1.133727 1.112497 102.640602 608.975661 760.275365 1464.079929
0 1.104230 1.089237 136.435517 557.270474 727.421830 1470.662530
0 1.017797 1.005386 8.294575 346.925653 566.535701 1494.166424
0 0.917535 0.942600 125.604815 257.799287 460.501327 1496.655961
0 1.113677 1.129146 142.456388 531.240192 707.134386 1474.758571
0 1.191776 1.067922 9.325599 428.609587 647.027799 1486.448324
0 0.956679 1.063576 367.714697 358.420504 504.420975 1493.602970
0 0.765872 0.924369 413.285875 192.451520 292.657006 1491.908930
0 1.084219 0.432242 177.203444 437.001781 639.562208 1485.482462
0 1.121555 1.037051 304.309817 458.937785 621.639375 1482.602862
0 1.059877 1.059877 293.575504 380.834765 551.778158 1492.073885
0 0.878298 1.073033 370.045364 367.633951 520.559536 1497.132651
0 0.758763 0.794429 444.444642 240.324661 350.428092 1500.298999
0 0.834813 0.930363 408.492667 197.948466 310.043091 1496.808164
0 0.529683 1.129854 298.590256 477.627403 628.160467 1479.941245
0 0.542560 1.170949 375.216991 492.894186 591.061271 1477.408606
0 0.626790 0.853530 224.126788 257.574820 437.918689 1496.975377
0 0.440402 1.103284 169.394231 472.370985 664.472048 1483.619327
0 0.592840 1.148155 363.824896 480.992048 594.100238 1482.304585
0 0.525122 0.979330 100.567072 326.421311 542.331445 1497.763369
0 0.579492 1.145906 425.014441 442.741390 531.473700 1486.768571
0 1.070357 1.087704 125.196963 442.726096 662.770404 1494.947137
0 1.029834 1.069224 383.236512 450.465456 581.561660 1494.616009
0 1.006953 1.008213 349.598316 404.354716 570.477783 1499.849238
0 0.973125 1.174942 524.413792 367.352853 394.289899 1504.190640
0 1.166929 1.164230 7.970796 603.566781 777.665082 1473.479869
0 1.034637 1.042261 76.240704 383.813545 609.736923 1502.131004
0 1.028952 0.928579 271.851625 439.621751 626.366629 1492.937322
0 1.078085 1.052408 129.116182 392.289983 611.559577 1498.602257
0 0.982009 0.590882 25.462652 109.336153 247.901140 1487.380411
0 0.732968 0.583813 612.271947 294.200199 211.280834 1505.955327
0 1.109638 1.021028 158.130304 520.195051 717.264300 1484.340018
0 1.106286 1.132836 158.612777 513.237664 712.703076 1485.286636
0 1.023906 1.005212 195.459811 394.285282 604.680509 1501.195479
0 1.011523 0.592113 246.772925 404.840823 602.570943 1500.151220
0 0.821299 0.741360 292.310518 166.913009 317.247847 1501.922269
1 0.817281 0.651555 396.487121 138.921627 231.959864 1495.434200
0 1.192935 1.143258 49.207570 563.380016 745.218874 1477.475924
0 0.897205 0.963316 398.592850 326.645759 466.164693 1504.450124
0 0.952277 0.947747 161.094218 252.863235 458.763668 1506.093088
0 1.214809 0.303256 82.804318 607.237180 776.479528 1472.746445
0 0.911547 1.150657 439.247718 440.835417 533.102965 1495.776990
0 0.716491 1.061395 589.638723 259.678623 229.832587 1508.321809
0 0.816798 0.557389 229.103408 79.949829 169.444389 1477.751293
0 0.725000 1.036748 670.027680 332.222950 54.612030 1508.477353
0 1.072948 1.119181 185.280346 488.788551 677.931467 1482.506590
0 0.977141 1.005310 338.725598 414.028101 564.263462 1492.830935
0 0.950766 1.085429 369.345927 385.303575 526.236457 1495.843122
0 0.856629 0.794188 236.163615 187.094587 353.471341 1498.738535
0 0.865001 1.057921 439.860459 323.334930 427.923124 1500.789542
0 0.713236 0.609761 527.698299 169.396961 183.725839 1494.097083
0 1.154753 1.163381 137.205646 600.441506 744.106723 1465.988194
0 1.048377 1.060916 287.803653 511.194334 654.788020 1476.957326
0 1.077263 1.001502 19.084126 327.531960 543.944756 1497.624350
0 0.876027 0.546358 292.158680 221.794862 378.813022 1498.757773
0 0.743888 0.801840 622.427998 245.933001 141.020189 1499.194488
0 0.698284 0.910029 611.595014 208.743933 124.165119 1496.405824
0 1.300035 1.137351 52.495032 550.385886 732.470457 1474.829361
0 1.191678 1.157139 182.295419 568.319281 723.944224 1472.236277
0 0.957155 1.109028 399.809706 404.928927 523.659636 1493.802224
0 0.793634 1.125079 531.023728 360.110697 361.661903 1498.376346
0 0.768474 0.651704 471.735390 34.936385 17.552152 1444.054761
0 1.138363 1.101221 187.302337 606.184638 742.880856 1466.600510
0 1.133392 0.893963 237.255022 602.289918 730.906658 1465.322161
0 1.080823 1.110943 173.528086 481.428437 671.133534 1484.172222
0 0.836049 0.643065 602.004834 214.544337 151.375760 1499.467776
0 1.089951 0.859803 226.701820 604.453233 725.797414 1463.679937
0 0.910175 0.917519 219.756711 219.155723 390.026912 1498.844461
0 0.744740 1.099133 551.427651 221.359122 226.836837 1498.373381
0 1.101892 1.176156 197.398240 604.380316 734.193591 1464.431988
0 1.122258 1.091920 125.316698 566.180444 726.956825 1470.986916
0 1.167969 1.132089 30.483625 544.188583 724.527775 1473.594879
0 1.034675 0.955171 13.075194 269.546925 479.253414 1500.043129
0 0.668845 0.745939 613.780062 187.649859 103.696292 1494.124119
0 1.098817 1.170054 186.221193 585.030986 746.739311 1475.998301
0 1.083287 0.991152 145.107921 425.583694 650.883237 1496.843214
0 0.901014 0.882562 254.693921 225.856284 409.596672 1508.290569
0 0.738848 0.861979 595.546842 168.571052 124.638683 1499.619805
0 1.069212 1.026902 337.100588 443.784359 581.668113 1487.117840
0 0.978815 0.665875 637.953142 239.980536 104.510108 1499.219271
0 1.140240 1.124339 61.222371 569.943425 752.236916 1476.054338
0 1.137525 1.090975 130.045260 525.552977 719.375413 1481.824367
0 0.839480 0.566689 603.593371 268.587458 213.683278 1506.715883
0 1.091262 1.026452 195.036541 418.411987 624.362648 1496.420722
0 0.978226 0.613120 264.662724 415.636370 605.847961 1496.722882
0 1.080275 1.001104 169.948519 366.077726 578.661494 1501.933061
0 0.886140 0.804245 266.739085 144.446890 279.900018 1496.205240
0 1.170209 1.143797 145.556230 551.585331 720.884991 1475.224978
0 1.135040 0.237308 84.079791 508.602364 700.599845 1481.225430
0 0.889466 1.124061 420.515041 412.912609 519.827283 1492.919698
0 0.885373 0.898141 305.016241 182.268061 328.440148 1498.630049
0 0.751026 1.137396 594.819469 333.216674 254.169054 1500.766229
0 0.648841 0.581656 402.188022 26.199186 3.506731 1441.409493
0 0.589661 0.941205 694.886687 198.371618 62.697191 1496.931477
0 1.048789 1.181705 273.287185 571.038225 703.082933 1469.932631
0 0.785342 0.698980 511.345792 286.096937 340.577073 1502.786358
0 1.074836 1.169365 213.499017 575.126041 724.556103 1470.420961
0 1.164235 1.195452 204.030133 640.809985 749.397778 1458.811736
0 1.083914 1.067449 40.614180 420.829546 637.032211 1489.362731
0 0.773249 0.836525 509.557590 168.286310 198.357973 1493.413713
0 0.452504 1.094713 265.014111 580.634670 722.256179 1474.114818
0 0.623594 1.019490 381.993649 415.422952 545.073574 1493.437203
0 0.587699 1.007139 329.122153 292.029295 455.684268 1504.142271
0 0.714717 1.032463 430.011109 294.771613 405.476626 1504.263030
0 0.605063 0.908292 97.383659 213.322870 403.690694 1504.089781
0 0.682481 0.827265 33.281013 142.337279 302.018274 1496.640417
0 0.834357 0.698811 254.037414 55.835497 107.185666 1467.500968
0 1.149164 1.207519 230.424906 640.212693 757.725158 1466.403028
0 1.063513 1.120279 238.118130 468.479446 659.440626 1493.038494
0 1.019702 1.004735 70.762052 342.136965 567.372049 1508.047700
0 1.012109 0.893313 466.097353 414.609271 497.870878 1500.671550
0 0.931123 0.869456 459.908492 309.239398 418.727024 1510.759381
0 0.929179 1.068677 493.942752 309.813274 386.382214 1510.939004
0 1.109569 1.087206 43.173356 469.374108 689.162052 1492.461139
0 0.737614 0.752006 332.865576 100.744671 185.133483 1491.443685
0 1.088727 1.016070 93.258602 456.736885 678.320437 1497.010423
0 1.074153 1.036819 233.367038 437.303149 641.437217 1496.676794
0 1.032354 0.343839 137.235458 381.330360 599.041586 1504.554611
0 1.008469 0.970089 496.318014 309.232493 388.535072 1510.905650
0 0.861195 0.600424 433.227626 171.471771 268.212058 1506.810357
0 1.143697 1.100592 162.465945 565.945529 736.956632 1479.518386
0 1.129648 1.097303 230.249775 597.812324 727.731243 1466.681601
0 1.114600 1.188085 280.275926 575.871917 699.183350 1469.224505
0 1.068792 1.047454 65.164579 417.450791 630.957672 1493.596080
0 0.965331 0.973012 421.621090 354.066752 468.078830 1501.211220
0 0.946148 1.047458 384.751997 326.785701 464.498145 1503.324890
0 1.238682 1.119387 143.034325 613.369921 770.890702 1474.960585
0 1.015105 1.148120 368.010873 468.810272 607.031964 1496.213562
0 0.789949 0.946604 540.540349 261.929274 312.608578 1514.829838
0 1.169160 1.112564 62.578438 489.399227 698.911649 1490.655749
0 0.990526 1.140556 330.553950 475.438004 624.517627 1493.030157
0 0.705988 0.869215 592.365541 173.776546 136.167264 1505.421741
0 0.868685 0.994736 439.294550 242.496970 365.809137 1512.390698
0 1.149706 1.150507 41.452238 580.727535 743.582308 1472.371745
0 1.158582 1.148923 8.310102 578.843832 743.277359 1472.690601
0 0.928166 1.060587 490.886511 301.278622 371.114709 1505.019252
0 0.857807 0.970607 447.055322 220.269316 316.145587 1505.194961
0 1.104552 1.104552 109.520852 465.811528 683.798784 1496.039265
0 1.149686 1.149686 492.638098 405.679812 472.097330 1504.668552
0 1.045617 0.947174 525.217405 268.131862 330.471095 1514.929869
0 0.936561 0.836813 610.815899 143.606711 75.211817 1501.143859
0 1.155621 1.191841 198.223109 622.490671 759.358082 1470.451798
0 1.149796 1.188882 203.751174 613.560420 753.732404 1471.767013
0 1.174419 1.112437 59.192153 489.261776 699.022439 1490.747642
0 0.759529 0.710284 210.465490 61.107373 130.092637 1477.111442
0 1.156547 1.116482 187.547959 614.019294 767.102499 1473.451496
0 1.150846 1.203403 224.339192 626.913316 763.967778 1470.608556
0 1.028472 0.968451 52.036457 279.926400 508.505840 1514.447458
0 0.937636 1.143571 469.406739 412.023675 495.115587 1504.204955
0 1.125495 1.184744 238.630774 592.497139 724.395540 1470.689953
0 0.971084 1.143313 434.329563 429.516663 519.045292 1492.651342
0 0.900441 0.987649 418.214622 305.298990 429.168912 1505.234706
0 0.893291 0.751647 558.506182 373.284527 346.969845 1499.603726
0 1.139449 1.161715 141.048575 579.911448 738.011716 1471.299843
0 1.151718 1.176514 253.868665 570.768848 703.062351 1471.754726
0 0.831590 0.402263 83.487755 137.430095 289.042494 1497.666750
0 1.175190 1.203949 203.239877 640.416910 770.415640 1466.944255
0 1.060361 1.144744 380.566849 455.065169 590.380113 1495.984557
0 1.044867 1.118144 396.885054 432.041285 565.123312 1499.237206
0 0.950230 1.013665 533.156376 348.568932 387.589421 1509.221226
0 0.734504 0.713484 22.628089 52.925389 128.910506 1475.573584
0 1.140021 1.207521 203.690651 652.519751 766.037517 1461.029900
0 1.096965 1.177108 247.758796 572.278487 711.669221 1474.179181
0 1.161282 1.161282 23.150650 595.233673 760.954510 1472.201121
0 1.134865 1.206833 247.987451 615.908671 753.786144 1474.366880
0 1.181144 1.043667 75.851329 366.902507 601.615408 1512.403345
0 1.160968 1.026893 74.420443 342.996986 578.374832 1514.844677
0 1.141504 0.969458 28.632546 231.111253 445.057623 1520.702258
0 0.677269 1.061098 647.211616 229.230911 133.786520 1519.906631
0 1.091657 1.159399 299.646391 505.448556 673.639036 1493.242005
0 1.137470 0.446736 141.314646 318.489362 547.119296 1517.160804
0 1.141925 1.141925 44.545697 535.748277 735.421933 1486.535100
0 1.083241 1.083241 56.689101 424.125921 655.494518 1502.225369
0 1.066325 1.066325 356.494522 351.729449 519.204486 1512.606940
0 1.010965 0.928955 422.628238 261.902055 399.691683 1518.258427
0 1.147451 0.594247 164.474355 571.543382 731.261182 1474.827572
0 1.141205 1.137564 8.658592 539.625816 725.066049 1480.258434
0 1.132688 1.073573 329.531324 516.769911 650.462234 1481.835841
0 1.088934 1.144200 426.467067 434.060390 528.475292 1496.074282
0 1.006125 1.087196 618.991372 268.169889 188.095252 1512.075664
0 0.880093 0.939308 553.360691 248.568805 272.037877 1512.148893
0 0.690240 0.690320 218.277835 43.052649 86.938713 1472.902935
0 1.010725 1.153768 334.687066 481.930929 633.680511 1490.027578
0 1.014589 1.088487 272.569607 411.055779 592.425074 1501.841512
0 0.736097 0.869353 544.933383 184.799353 203.468039 1511.118390
0 0.759465 0.780754 285.809981 82.413183 159.842108 1491.471803
0 1.206368 1.154832 12.882899 572.303074 749.476021 1477.738392
0 1.113610 1.096563 168.037966 549.486669 719.608429 1481.235868
0 1.138586 1.122612 113.779834 494.024211 695.153932 1488.880386
0 1.120902 1.108552 94.554677 475.146017 679.990808 1492.283033
0 1.060540 1.146619 274.325357 498.759965 663.233683 1488.290879
0 0.853985 0.752872 340.325247 230.558421 384.920675 1514.509719
0 0.823201 0.897087 343.331896 168.708368 297.011497 1510.686488
0 1.161562 1.099181 221.745092 603.948676 735.465863 1468.682059
0 1.087992 0.995305 405.548839 440.163146 547.816632 1495.284294
0 0.977353 0.944463 536.865130 264.651698 302.209514 1512.085282
1 0.824884 0.677186 381.383123 141.103892 236.849168 1504.202656
0 1.039779 0.886510 75.099220 197.274763 384.933432 1513.593478
0 1.208079 1.208079 211.992906 636.110910 773.590078 1471.871190
0 1.150947 1.150947 106.943417 542.986886 741.180378 1487.638312
0 1.086715 1.086715 239.691280 411.540808 615.067244 1508.134805
0 1.312317 1.172509 40.935597 611.781654 775.493898 1476.568572
0 1.197635 1.158033 171.126464 551.833006 729.301493 1484.687285
0 1.078485 1.078674 228.963911 511.262484 696.899238 1489.851753
0 1.251909 0.192145 64.128928 465.171511 683.212608 1497.538284
0 1.259755 1.092130 44.565672 439.497797 668.340828 1500.381244
0 0.830069 1.302532 504.110000 410.010028 456.539267 1506.438770
0 0.961680 0.643995 329.052246 242.842269 412.306426 1518.814291
0 1.140156 1.173410 147.378129 601.373654 746.529985 1471.433587
0 1.028031 1.131036 325.761720 460.663367 605.495224 1492.753819
0 1.165514 1.165910 6.952371 586.142002 771.152501 1481.636481
0 1.123074 1.087909 282.523275 545.993284 707.841541 1486.321011
0 1.108026 0.336701 148.019208 472.939593 690.563171 1498.114324
0 1.051777 1.169414 379.107922 491.852529 618.708794 1496.575296
0 0.926902 1.238000 603.540698 302.893872 273.916390 1520.217461
0 1.114698 1.099995 196.071571 571.177392 745.058279 1483.036226
0 1.029004 1.033780 122.351907 391.892307 617.245238 1510.706877
0 0.985079 1.043555 618.166011 336.608292 261.428967 1518.023961
0 0.649762 0.714919 301.344574 38.271220 62.765762 1476.413482
0 1.082608 1.151077 495.766658 406.360070 453.185662 1503.016839
0 0.895499 0.434495 221.422684 215.148334 392.747151 1514.863143
0 0.756473 0.829077 543.796261 81.353184 37.554734 1486.852781
0 0.998933 0.938140 193.818948 272.916465 479.819554 1518.554587
0 1.174208 1.216761 222.872461 651.408097 771.440153 1466.871290
0 1.099958 1.081600 297.741303 534.059578 685.724832 1486.751425
0 1.110429 1.208029 202.056584 645.079954 776.477448 1471.787755
0 1.005321 1.131433 271.675260 462.110454 658.492349 1499.967674
0 0.959013 1.043496 233.312802 345.369074 560.487912 1515.769649
0 0.895179 1.164548 485.006706 426.428122 501.084194 1506.683028
0 0.492188 1.047913 4.059371 360.258316 597.893477 1514.022301
0 0.511977 0.479426 103.320055 347.082723 580.825756 1515.445722
0 0.909273 0.739224 393.874176 245.755472 386.499483 1513.340833
0 0.930167 1.250414 588.655946 312.198071 279.779440 1511.122266
0 1.162785 1.168591 69.647953 589.863340 763.597806 1482.070339
0 1.174169 1.196944 196.785630 619.533692 762.036761 1476.008014
0 1.094499 1.048095 471.399592 416.926485 508.222495 1508.954003
0 0.983297 0.607727 530.456189 265.796481 331.947782 1524.106018
0 1.330697 1.187791 27.259432 591.921900 766.499007 1481.890453
0 1.051423 0.998322 281.417319 369.719509 565.121788 1514.955374
0 1.224660 0.980124 42.639055 281.925856 506.765283 1522.656031
0 1.127185 1.174496 385.640231 492.867858 619.067823 1499.470264
0 1.165085 1.192045 219.891872 595.922024 750.554199 1481.876183
0 1.079106 1.074094 18.620452 416.428819 649.375812 1510.469498
0 1.085512 0.626627 571.395761 367.415929 370.057860 1518.759295
0 1.171568 1.083821 111.945586 610.177716 776.194953 1480.853372
0 0.823620 1.021582 523.902598 360.483789 412.280308 1517.210503
0 1.271233 1.109644 172.934439 565.441355 738.549376 1485.322355
0 1.017202 0.671403 341.977961 337.334007 518.700163 1518.613999
0 0.993446 0.852410 396.264699 174.663520 295.359958 1522.196779
0 0.809725 0.825171 526.997779 123.039349 137.959918 1512.290208
0 1.140816 1.136161 13.680528 527.315712 733.865916 1493.883760
0 1.161074 1.161074 221.968742 531.157360 714.389933 1492.786861
0 1.167677 1.167677 359.895850 490.867895 637.529734 1499.567060
0 1.029942 0.934487 499.706755 254.555736 351.228653 1527.082745
0 0.947170 1.074835 409.512464 490.770805 601.958158 1499.918234
0 0.986935 1.121186 380.080996 413.206292 570.180542 1512.298495
0 1.080929 1.090028 351.931255 518.836068 666.646624 1493.525425
0 0.876215 0.685166 667.253901 236.268034 115.130366 1527.122995
0 1.191042 1.145830 30.539146 569.800682 759.343771 1487.697880
0 1.032135 1.030160 307.891973 416.143707 602.565122 1511.995694
0 0.883101 1.134950 563.161853 344.658439 371.427658 1521.947437
0 1.154643 1.182026 162.383778 591.987539 758.709246 1480.568257
0 1.022443 0.842318 298.412959 227.952126 412.174316 1525.489102
0 1.206294 1.144363 168.434383 507.640840 713.440897 1496.227107
0 1.022317 1.053174 387.469223 453.324165 595.120208 1506.678484
0 1.160708 1.130436 118.956463 591.701746 764.310864 1481.007749
0 0.989998 0.947333 319.573601 293.916575 476.896609 1523.185855
0 0.691254 1.135985 635.702659 306.791829 220.165546 1523.519883
0 1.122835 1.130315 217.517932 660.474648 784.611429 1470.135115
0 0.934383 1.045924 374.709724 437.455033 595.868014 1508.782639
0 1.027818 1.095752 300.591460 560.891082 705.876743 1484.342644
0 1.060696 1.130654 219.002979 476.582040 674.418819 1499.672975
0 1.113613 1.052873 100.404006 376.257664 602.201783 1514.726691
0 0.755406 0.728176 537.740409 322.384351 380.384523 1521.763019
0 0.512785 1.035929 374.809853 424.704667 581.133072 1508.707274
0 0.691562 1.017762 570.408117 332.084582 347.288624 1521.634581
0 0.350393 1.175451 18.368120 598.615093 774.648736 1481.468403
0 0.370481 1.181804 129.800682 597.038276 766.590182 1481.206334
0 0.420517 1.111122 68.408625 459.335953 684.902163 1502.930597
0 0.645946 0.656168 371.554419 272.775992 434.944630 1527.038351
0 0.731514 0.940263 499.396094 261.046128 357.183491 1527.757412
0 0.742919 0.621831 518.071710 261.832488 347.589022 1527.716313
0 1.213487 1.164402 25.230297 574.497099 758.179156 1487.162260
0 1.173623 1.132475 99.489883 573.882286 753.960173 1487.046932
0 1.164277 1.108657 33.968301 461.549539 684.752874 1504.657287
0 1.022376 1.036258 292.996446 429.748540 619.156698 1510.447451
0 1.073957 1.005304 44.607502 307.025894 537.103380 1525.874511
0 0.853522 0.825069 379.559252 226.047306 384.965013 1530.684424
0 0.836812 1.008266 565.593997 317.483092 350.450420 1526.582671
0 0.692523 0.780121 410.025319 64.042522 87.032405 1503.247969
0 0.643393 0.799136 596.737230 111.668649 61.521885 1515.457518
0 1.074094 1.130254 462.036840 388.913035 498.595721 1517.682032
0 0.909847 0.882485 368.270547 205.462923 356.496720 1530.602258
0 1.002421 0.602434 537.896998 281.453851 348.746322 1529.167037
0 0.859381 0.840830 405.665789 158.321843 271.356839 1527.492436
0 1.114869 1.113938 232.431517 590.285039 750.551582 1484.463663
0 0.910999 1.041149 491.152681 395.122265 489.701150 1519.124259
0 1.177846 1.200989 177.200867 628.795683 772.338560 1477.361619
0 0.986867 0.919085 45.548300 211.512305 423.348271 1530.964143
0 0.887158 0.905742 272.992241 226.548617 419.021421 1530.822657
0 1.151914 1.171372 174.148631 557.751989 739.462651 1488.449459
0 1.010447 1.123532 290.596174 445.411077 627.781428 1508.770947
0 0.984355 1.042929 336.144860 433.653292 603.153329 1510.654045
0 0.971473 0.748080 322.724635 397.820722 579.807162 1515.917104
0 0.735021 1.049053 616.269395 228.455624 205.588176 1530.909714
0 0.960227 0.961564 80.513462 249.597258 470.474306 1530.120664
0 1.030050 1.131107 246.057288 463.209712 661.017945 1504.986408
0 0.935893 0.943144 343.189406 273.849559 452.512479 1529.667806
0 0.992378 0.930106 38.296531 218.774388 427.508972 1531.580960
0 0.943767 0.488675 253.162146 218.086561 411.852264 1531.562397
0 1.203255 1.132896 162.717677 640.267252 785.981606 1478.204878
0 1.115048 1.160188 249.098542 512.329448 698.766247 1499.219077
0 1.028236 0.976352 214.607632 313.149360 535.109393 1528.426826
0 0.908771 0.873659 363.632424 343.685699 525.482833 1525.719244
0 0.811262 1.022109 669.838705 286.495773 150.509250 1533.161886
0 1.127533 1.191813 158.719369 607.055171 768.739574 1480.706333
0 1.157982 1.195903 116.443973 625.215875 788.661155 1480.312644
0 1.189651 1.219603 205.774758 654.935533 783.552870 1474.723898
0 0.939308 0.977470 154.011491 263.556043 482.644587 1532.733433
0 0.897795 0.937665 408.665781 260.293008 422.684054 1533.100725
0 1.126797 1.207296 190.774398 627.673902 778.634779 1478.976725
0 1.170286 1.121898 227.605161 626.463070 765.476576 1479.410745
0 1.004619 0.938714 406.483991 490.222784 614.506674 1503.519200
0 1.037611 1.037866 182.079953 336.398677 561.150814 1526.334477
0 0.946178 0.976819 264.346436 250.073780 446.423819 1533.661875
0 1.141721 1.056306 192.053964 436.812597 649.686457 1512.800706
0 1.117613 1.056887 189.153913 358.957626 579.126304 1524.788566
0 0.976516 1.051860 490.063450 343.440819 451.114480 1528.206464
0 1.166860 1.165090 16.615496 571.066983 757.700673 1490.312275
0 1.155835 1.155835 487.924252 408.203594 495.815591 1519.188445
0 0.989156 0.364606 323.102601 244.056914 431.797875 1535.902738
0 1.294591 1.192647 69.944377 618.737520 790.257046 1483.555609
0 1.254650 1.191017 116.870984 611.948659 779.454556 1485.424650
0 1.225770 1.090409 101.296954 453.038080 681.637636 1511.574473
0 1.202228 1.063525 97.450372 410.359601 644.173420 1518.966698
0 1.164407 0.785988 189.365492 663.105740 792.320081 1475.534048
0 1.180417 1.181262 4.843198 593.059984 778.745441 1487.835064
0 1.208429 1.032786 321.335294 568.196056 707.625366 1490.952484
0 1.171956 1.191467 155.296034 606.024411 766.380176 1483.961094
0 1.217912 1.177933 19.423779 597.346029 772.254461 1486.169358
0 1.106615 0.839526 239.282756 587.638286 739.949844 1486.145912
0 0.968463 1.079791 310.988912 366.753469 559.200988 1524.334178
0 1.182061 1.214109 197.251831 637.697210 777.777696 1476.813583
0 1.303914 1.150384 20.431510 533.536141 735.337475 1496.443881
0 0.953746 0.752473 259.214858 55.193700 112.864984 1511.362495
0 1.126065 0.942332 306.025831 544.938977 706.719517 1494.955021
0 1.081114 1.068988 62.432677 418.904004 649.684391 1518.469828
0 0.932236 0.324605 51.605276 185.998027 390.232484 1539.547915
0 1.094785 1.057692 323.246165 447.336019 625.329456 1511.644896
0 0.959677 0.931700 555.817734 231.054021 287.575736 1537.350825
0 1.145514 1.201494 271.447763 576.591743 729.084439 1487.022821
0 1.100592 1.198247 336.551248 539.402936 685.333223 1493.530874
0 1.056890 1.068086 353.960565 469.486797 628.330201 1507.904345
0 1.161753 1.161753 129.755069 544.653122 735.691918 1494.681885
0 1.190867 1.102018 265.517884 562.094866 719.548607 1490.779367
0 1.196158 1.158855 83.359529 619.530181 781.238406 1482.642163
0 1.155335 1.176503 75.259166 587.679233 764.979359 1487.841100
0 0.987252 1.019027 416.667629 375.069310 522.998244 1524.271700
0 0.827353 0.771895 467.272638 172.075982 264.592802 1536.375271
0 0.767525 0.727411 354.835571 67.046537 115.370452 1515.810035
0 1.049478 1.069450 216.077142 467.427137 672.495469 1507.683304
0 0.964332 0.975386 343.029600 305.960453 492.302453 1532.182899
0 0.823195 1.151876 590.949120 258.172856 281.628727 1537.197974
0 0.757097 1.002271 605.667676 189.449551 178.716203 1536.823630
0 1.205325 1.201376 155.337643 618.660833 781.954971 1483.303817
0 0.972240 1.087786 390.201440 349.836017 523.630671 1529.718901
0 0.763809 1.102748 615.831459 199.872550 185.169241 1539.786339
0 1.107191 1.122419 244.087098 608.177352 752.811326 1481.766056
0 1.106618 1.087763 290.801934 511.273235 687.295381 1499.436837
0 0.938246 1.107993 406.693110 375.862857 529.293781 1524.389032
0 0.935271 0.975757 166.651681 253.332705 469.333144 1536.424782
0 0.949477 0.826068 284.084355 250.134075 450.871036 1536.557384
0 0.860892 1.171744 680.315116 336.989403 138.461199 1534.031138
0 1.111360 0.420227 71.599782 253.748646 482.704905 1538.687323
0 0.983068 0.956510 253.855931 220.039322 417.608803 1540.437327
0 1.190980 1.197966 182.045484 601.362013 769.083316 1486.127760
0 0.879448 1.001698 435.950839 344.477443 495.547632 1531.002829
0 1.226709 1.210802 138.615355 653.331771 797.276546 1478.775994
0 0.974405 0.440597 112.528497 250.622157 472.379628 1539.158471
0 1.049407 0.639107 309.511174 365.693851 566.446146 1531.000883
0 1.156410 1.188700 291.947273 534.270338 708.148632 1499.814014
0 1.124567 0.804848 293.915102 483.071439 667.791886 1510.896837
0 1.082672 1.067890 81.411443 411.470358 647.807546 1522.476436
0 1.190449 1.149806 53.315367 613.706629 786.280256 1487.882199
0 0.925091 0.914043 218.349448 214.057801 417.555733 1545.539777
0 1.141799 1.185142 169.121628 573.140572 752.163213 1491.117069
0 0.965175 1.035574 358.745767 410.851663 583.075368 1522.123581
0 1.027465 1.049188 193.289877 337.162317 562.912971 1531.821083
0 0.804938 0.687492 393.000671 166.756739 293.778487 1542.695733
0 1.224778 1.224778 189.712216 664.072294 788.859057 1475.426078
0 1.075903 1.023155 228.897626 369.670176 588.360842 1527.335284
0 1.037836 1.036317 468.780222 262.000824 391.932203 1541.436794
0 1.141259 1.151068 68.396817 517.162665 728.456437 1501.064437
0 1.080724 1.042022 502.689623 382.128278 477.527038 1527.635451
0 1.176814 1.204874 190.301895 607.655805 772.170753 1486.964205
0 1.097418 1.194200 310.166027 540.924906 701.528170 1499.440662
0 0.988644 0.978487 297.678243 312.666784 515.870795 1535.600554
0 1.102242 0.755608 252.943959 576.414738 738.435592 1493.133609
0 1.082054 1.096776 95.873463 423.224851 652.947822 1521.628862
0 0.878464 0.856119 448.547350 282.025301 432.206135 1542.234655
0 1.188576 1.186596 60.148089 598.400100 776.432916 1487.512843
0 0.908869 0.888293 650.644721 165.655924 99.785033 1541.342212
0 0.903142 0.967526 507.912200 276.389857 387.698742 1540.988757
0 1.186342 1.188532 28.689116 607.785124 784.190455 1489.256527
0 1.047329 1.084980 303.033885 501.340046 681.283019 1507.330478
0 0.868625 0.788752 359.984271 241.978479 425.259592 1545.218077
0 0.804714 0.976800 636.454625 247.515955 226.246836 1546.365534
0 0.873795 1.072549 687.129862 355.801944 150.911255 1540.793496
0 1.192258 1.135486 141.399256 592.002703 771.647274 1490.481241
0 1.133916 1.133916 204.941908 461.644633 677.614813 1514.322077
0 1.176988 1.176988 314.489334 502.156206 682.302021 1506.506943
0 1.068613 0.359195 203.519857 360.172423 589.176252 1531.587511
0 0.995836 0.995836 271.059428 251.954844 463.300096 1544.292897
0 1.023390 0.674647 444.808082 249.150849 399.141711 1545.328635
0 1.020899 0.937561 466.235295 243.391880 376.046037 1545.919971
0 0.341748 1.200963 97.700529 624.858736 788.116423 1483.783479
0 0.342350 1.193636 78.729964 609.687936 781.814099 1486.465108
0 0.468742 0.800694 311.011461 489.357953 662.210842 1509.164832
0 0.575744 0.950899 63.445639 219.540418 441.849158 1545.656972
0 1.160619 1.160619 195.798901 508.743044 712.790287 1508.288361
0 1.073806 0.845503 489.875755 291.469853 422.274080 1546.306706
0 1.145096 1.182530 314.960900 511.763697 685.776296 1507.826989
0 1.048756 0.373236 110.803529 350.259877 591.921830 1535.982729
0 1.190193 1.194273 46.117674 617.720762 784.657501 1487.369654
0 1.151368 1.113552 173.482655 539.462203 729.988770 1500.576549
0 1.007667 1.050167 376.436999 295.626568 478.649591 1542.364972
0 1.071736 0.835484 415.240983 375.189448 541.661578 1534.196096
0 0.952345 0.939679 110.425443 222.237410 447.832902 1550.593756
0 1.208907 1.201940 89.980554 619.898440 792.077665 1487.813008
0 1.135072 1.138609 221.648720 629.018999 773.580807 1485.775244
0 1.243255 1.152963 19.990329 517.570929 733.104496 1506.769581
0 1.147505 1.124687 143.187564 526.622430 735.085178 1504.182353
0 1.087207 1.101634 312.565872 521.770443 692.573861 1505.993798
0 1.000289 0.867129 183.207604 200.858107 408.790329 1551.942755
0 1.122921 1.076966 245.964468 473.347534 675.790837 1515.840058
0 1.213284 1.127447 244.501747 602.450496 755.652916 1490.762050
0 1.202690 1.202690 313.871834 549.647167 707.560517 1500.638848
0 1.152926 1.010379 424.447811 424.164437 570.984860 1526.787821
0 0.958075 0.649583 249.675004 212.645303 412.040153 1552.076184
0 1.179514 1.212795 106.855369 647.956013 799.237327 1481.078423
0 1.005333 1.004356 17.810531 279.912661 515.665403 1543.964557
0 0.998597 0.977907 242.792162 297.665505 514.451138 1542.364401
0 1.180672 1.226168 240.162360 632.396612 770.557381 1485.100114
0 0.997274 1.007387 423.725338 459.431646 599.750842 1519.881983
0 1.018682 0.999116 26.851218 274.606064 513.713820 1547.109764
0 0.971233 0.948972 36.058408 213.428470 439.243249 1552.160823
0 0.519268 0.767550 331.623524 428.230482 616.728690 1527.116977
0 1.213166 1.213166 193.368825 611.088667 776.374433 1490.723793
0 1.161464 1.053033 560.306930 368.340467 436.865696 1541.328397
0 1.173083 1.330880 666.404203 329.295286 245.187879 1549.606864
0 1.012139 1.197396 520.143481 366.347915 473.801579 1538.064987
0 0.923920 0.972537 580.812143 260.803407 314.986935 1553.249927
0 1.164647 1.164647 396.755845 448.095935 604.406097 1522.303058
0 0.975630 0.767034 408.457680 204.184068 351.969389 1555.770974
0 1.191998 1.184613 43.280497 579.702206 770.895360 1498.281407
0 1.031221 1.062446 214.605707 338.361177 569.537970 1542.551352
0 0.970118 0.480958 244.604439 262.113037 481.998061 1552.935216
0 1.343765 1.156668 68.038693 514.172917 730.742036 1510.071523
0 1.092540 1.050756 338.719724 418.406502 607.884661 1530.478642
0 0.882689 1.179129 512.479616 416.905639 511.032782 1532.277374
0 0.736639 0.955738 614.921095 231.553169 251.281084 1558.062330
0 1.098401 1.202293 323.447355 535.386768 703.244135 1505.276768
0 0.786972 0.666289 411.672290 113.681298 201.287842 1553.904576
0 1.138082 1.212871 198.084937 613.215884 773.026197 1491.628547
0 1.159147 1.188004 99.921637 580.097832 768.198529 1498.339746
0 0.980050 0.966510 264.068032 274.333874 485.922720 1552.744560
0 1.163985 1.197294 144.082825 590.708060 768.058242 1493.142393
0 1.115131 1.164385 290.680826 491.077561 669.569073 1514.611402
0 1.148304 1.218831 344.240446 558.611738 700.741750 1498.241706
0 1.086332 1.183644 331.403383 506.683868 669.971040 1510.790816
0 1.069187 1.066150 39.930411 379.403701 616.395773 1534.067496
0 1.013246 0.467666 259.370157 315.448822 532.820466 1544.602687
0 1.147065 1.109946 273.781994 530.064742 711.832774 1507.603210
0 1.177338 0.307447 149.179937 401.155707 633.213720 1532.911907
0 1.170951 1.179454 29.035198 560.421133 764.134109 1501.004706
0 1.163346 0.701147 245.837223 558.298259 738.710669 1501.132036
0 1.138327 0.625267 241.545093 511.929670 708.483498 1511.143844
0 1.042021 1.002292 533.101063 299.299049 410.671891 1551.695913
0 1.180088 1.138616 184.697363 585.555736 762.621792 1499.005198
0 0.811781 1.016225 532.442633 241.119217 349.249746 1562.177524
0 1.201610 1.229024 175.092046 652.232839 794.783551 1483.186761
0 1.212823 1.204438 55.218724 623.969714 789.808511 1490.630233
0 1.145252 0.117261 14.610774 477.971594 704.106349 1517.421595
0 1.004239 0.070676 60.765379 247.075943 480.171344 1556.938147
0 0.931161 0.906156 120.063788 180.991755 384.120024 1562.400329
0 1.112806 1.077018 302.854151 457.310736 645.284152 1524.018596
0 1.023562 1.007309 233.371244 320.515636 541.280586 1548.047863
0 1.097150 1.112560 237.789922 520.395743 720.003333 1510.846778
0 0.912327 0.874948 237.153977 164.848274 343.301501 1565.269026
0 1.214166 1.203082 20.931811 616.154455 790.308405 1490.929758
0 1.101617 1.083357 118.456334 416.440580 645.354922 1530.883419
0 1.067215 1.119175 211.102995 426.079648 641.892562 1529.482020
0 1.028194 1.137820 403.073768 402.494801 567.453958 1535.501686
0 1.201631 1.190390 20.869384 584.109174 773.428572 1496.692553
0 1.106893 1.085664 322.302319 486.588089 663.197176 1517.577139
0 0.915600 0.955085 455.888957 253.025381 400.927577 1558.482392
0 1.162430 1.238134 224.601731 657.678924 782.971591 1482.156515
0 1.251465 1.126959 140.740651 451.833022 671.060906 1524.500061
0 0.973566 1.069341 397.372217 442.889392 604.429780 1527.073020
0 1.172779 0.954315 58.257540 223.558742 451.909443 1559.504973
0 0.925075 0.923493 376.629484 220.498232 394.176407 1560.871407
0 1.286890 1.200302 15.256928 608.620311 786.569680 1492.367367
0 1.062041 1.190910 376.710483 495.440894 647.279982 1516.089609
0 1.373633 1.192941 27.113483 590.366978 778.535982 1499.061646
0 1.181032 1.222240 237.596428 606.270686 766.999462 1493.975488
0 1.109153 0.986967 306.053678 524.409100 705.741339 1510.722103
0 1.374457 1.010462 116.749576 295.689230 537.427755 1553.917125
0 1.092082 1.025204 436.815193 356.823544 523.247932 1546.720121
0 1.134873 0.613303 226.006818 497.263380 702.515840 1513.744192
0 1.102030 1.057776 234.236648 415.792417 633.754130 1531.368049
0 1.151414 1.154976 195.469485 656.646183 795.045158 1485.582012
0 1.041982 0.656077 338.794913 382.711405 585.596711 1540.802775
0 0.988326 0.584110 356.502448 310.129201 505.169993 1553.846379
0 0.967524 0.230857 161.261414 262.282477 500.587718 1558.160463
0 1.213012 1.157439 191.301447 643.090341 794.705139 1488.759265
0 1.096847 0.771541 635.608600 338.907968 344.167620 1556.773164
0 0.945983 1.052191 442.009142 393.234984 548.762233 1540.831256
0 0.976933 1.005704 351.982613 323.319803 521.675850 1552.269397
0 1.078460 0.719727 455.411606 363.246485 522.413960 1549.129878
0 1.037129 1.002474 469.197835 304.510807 462.644186 1558.922120
0 0.911449 0.132385 64.021953 169.149953 370.277702 1571.177632
0 1.051803 1.022562 621.003148 294.046910 331.652889 1563.091572
0 1.202687 1.246757 193.216156 684.746379 808.096237 1481.505236
0 1.164816 1.149880 216.581507 640.932286 785.047320 1489.928731
0 1.119327 1.212191 277.024395 567.846168 735.504745 1504.566621
0 0.793020 1.114858 557.420692 180.084709 247.557993 1571.499858
0 0.899959 1.177692 681.634648 325.467382 244.858555 1560.490728
0 1.229112 0.493182 137.566004 663.855787 803.166559 1484.680113
0 1.165400 0.297826 112.914033 514.793635 725.769557 1513.126068
0 1.134774 1.004369 254.182141 433.014934 645.079734 1530.831652
0 1.201162 1.221396 123.902218 646.948405 797.089306 1488.048883
0 1.132401 1.121859 288.449833 564.418914 728.875727 1502.162299
0 1.048935 1.049290 166.062322 319.090336 551.429160 1552.190668
0 1.053275 1.056864 421.768068 402.611870 566.723513 1538.901817
0 1.353447 1.046349 194.364407 655.937710 790.922958 1485.533457
0 1.249316 0.844370 228.682515 102.553191 227.989205 1567.603743
0 1.304503 1.204733 128.893977 591.141358 777.860557 1499.708634
0 0.423992 1.165092 119.841946 592.594716 779.883664 1500.178691
0 0.322000 1.152160 175.957444 598.653145 776.640211 1498.830746
0 0.724667 1.045913 454.452153 376.714393 536.726302 1548.761345
0 1.090056 1.067162 189.679452 397.687954 630.023404 1543.536461
0 1.089869 1.213473 658.036687 322.315316 310.450337 1564.773914
0 1.094430 1.174160 679.567299 321.885878 263.912394 1565.760041
0 1.295676 0.364866 88.139595 647.225037 801.388039 1490.118008
0 1.161319 1.136672 163.967056 554.524844 745.985149 1507.683743
0 0.974112 1.081439 580.269136 390.274068 451.066887 1547.416202
0 1.208068 1.232138 150.159721 655.709154 804.399732 1489.956860
0 1.198009 1.180204 100.216607 624.599505 794.800609 1496.273209
0 1.105178 1.095455 340.391261 482.716125 665.261631 1526.587457
0 1.102008 0.203717 117.537459 405.602731 648.049523 1540.742531
0 1.006495 0.791022 501.653844 338.365680 486.604267 1557.795634
0 0.994574 1.035221 529.262531 334.506522 464.134314 1559.158007
0 0.960081 0.946657 39.108845 194.035366 412.587528 1575.448395
0 0.869866 0.763147 449.983016 184.740669 322.945742 1577.226020
0 1.206447 0.748310 224.587913 676.992012 799.344093 1484.105714
0 1.216386 1.208150 8.635502 607.149474 793.068479 1498.472936
0 1.157840 1.230132 288.475917 590.735145 749.540855 1500.916495
0 1.111981 1.047734 248.257591 382.269186 602.280928 1544.988934
0 1.011558 0.921726 190.780749 165.268665 350.935498 1575.442283
0 1.157273 1.141517 296.525309 608.786961 745.015006 1495.569622
0 1.050438 1.146831 366.471640 419.298503 601.804704 1538.914178
0 0.900358 1.030181 497.492074 226.554481 356.872151 1572.205099
0 1.004940 0.902464 634.031166 330.924757 345.922358 1560.438567
0 1.243608 1.104302 51.198128 412.847325 649.197385 1538.116962
0 0.957056 1.187765 431.920523 460.554107 600.895652 1531.143014
0 0.981535 0.762763 365.689136 416.741971 604.429141 1538.887146
0 1.027669 1.008975 333.337134 323.615294 530.320051 1556.639726
0 1.150009 1.115927 324.560616 538.909982 708.308680 1513.741350
0 1.107516 1.112904 29.584815 417.343844 658.477180 1539.544210
0 1.031920 0.819891 384.280219 350.129825 541.761381 1555.588165
0 0.922755 0.989708 583.932531 263.038786 343.270276 1572.495083
0 1.225713 1.243570 229.717270 649.526009 785.698462 1486.959059
0 1.195029 1.196460 26.601446 579.424979 773.124985 1502.113589
0 1.164503 1.177216 69.074372 530.873248 743.611235 1511.624307
0 1.094608 1.087880 111.832917 408.896793 646.485261 1538.464738
0 1.132610 0.937172 572.532520 397.811816 459.671876 1546.796630
0 0.894989 0.617395 326.082445 151.965497 306.032762 1576.787256
0 0.912706 0.892090 264.920475 167.720326 347.106303 1578.677515
0 1.114073 0.506341 208.799783 455.565198 668.461657 1530.489973
0 1.174592 1.174592 45.671465 525.622941 738.637555 1515.741079
0 1.286129 1.218507 131.544439 610.241121 789.602899 1499.649598
0 1.139779 1.117018 299.962607 528.345047 715.827256 1517.136830
0 0.923828 1.063281 519.613319 381.506299 510.878783 1554.393694
0 1.140846 0.617232 306.686493 416.059749 629.211775 1543.567511
0 1.011083 0.801030 479.262847 355.241019 514.148578 1555.919846
0 0.989271 0.969501 18.788994 209.184489 433.302150 1577.113289
0 0.974821 1.022779 625.626646 293.407457 332.000498 1571.226745
0 1.154439 1.235990 288.872220 597.234415 754.572828 1501.834303
0 1.039105 1.108684 433.022811 493.343167 628.860868 1529.122004
0 1.047894 1.061465 347.365415 413.033406 611.437594 1545.677453
0 1.227990 1.244313 168.970127 670.899831 807.793155 1485.358683
0 1.009367 1.047736 200.458135 295.377290 531.968482 1563.988581
0 0.841358 1.051040 644.734293 320.050748 334.415166 1567.337979
0 1.152245 1.203912 194.880541 561.696974 750.995675 1507.600441
0 1.101424 1.009159 342.098946 505.133031 671.366872 1523.349431
0 1.218236 1.197037 32.338477 592.680262 786.301529 1503.371838
0 1.106576 1.148445 168.890813 463.119634 685.865982 1533.416200
0 1.133773 1.123140 14.824076 429.133639 669.396745 1539.971135
0 1.122810 0.159343 93.693889 409.821575 654.741584 1543.230585
0 1.055696 1.132598 380.775219 385.897501 577.963452 1551.981371
0 1.092405 1.131543 358.260692 559.005100 706.255218 1508.368911
0 1.069014 0.617427 189.188106 414.351724 644.572418 1540.746256
0 0.974944 0.808066 430.274910 311.267006 490.884528 1564.125315
0 0.345746 1.184813 67.677242 536.074048 750.412507 1517.693394
0 0.596731 0.790307 367.537549 331.325454 546.084155 1564.068326
0 0.661794 0.801935 366.154818 222.026035 410.591913 1583.887602
0 1.273841 1.194660 18.788022 560.757143 769.911424 1511.544640
0 1.162930 1.180938 180.589326 504.766331 725.436034 1523.810936
0 1.110064 1.018347 171.663640 386.604480 625.792123 1552.374859
0 0.946213 0.957526 540.705193 443.236800 543.098285 1544.348000
0 0.980968 1.027795 295.043031 250.982121 471.811696 1578.750469
0 1.187582 1.190267 54.450441 547.059983 755.995057 1512.430835
0 1.084856 1.078446 313.232359 444.747205 642.280832 1539.110045
0 1.067327 1.056730 288.170258 394.842772 608.880418 1549.636138
0 1.039107 0.652460 246.175259 335.010696 565.365698 1560.981045
0 0.941842 1.019747 352.164480 235.259716 432.419804 1579.655041
0 1.189863 1.226756 145.038474 624.095272 790.930064 1496.771338
0 1.186961 0.134102 18.504948 497.133588 722.059655 1524.038879
0 0.954127 0.979041 381.196115 270.189109 464.926613 1574.756917
0 0.894657 0.422901 135.203072 127.553398 292.526485 1588.986588
0 1.269175 1.204411 31.986483 603.410056 792.888350 1503.086736
0 1.010335 0.838711 443.709502 478.451417 618.492834 1535.730077
0 1.000751 1.203842 510.526795 446.492808 560.207275 1544.029314
0 0.811559 0.887027 444.805404 162.551789 291.710367 1590.818464
0 1.235966 1.088993 172.711732 672.695591 814.563412 1488.734932
0 1.244197 1.262897 213.766323 690.009556 813.652921 1484.184808
0 1.206039 1.240586 278.777078 610.854148 761.520397 1501.988754
0 1.148267 1.040427 219.141684 477.513454 694.404191 1532.339434
0 1.059132 1.043381 146.210404 323.802734 571.791945 1564.847144
0 1.045005 1.018589 268.432088 307.092804 540.729484 1568.714938
0 1.224434 1.236128 157.673053 651.097983 798.519032 1492.525317
0 1.196126 0.236368 84.432851 564.318415 764.641532 1509.042371
0 1.163579 1.144801 117.453711 494.958464 720.063425 1523.698012
0 1.170418 0.985581 328.032581 520.417240 687.342152 1522.435267
0 1.163534 1.103508 428.650483 484.223019 628.621113 1531.080324
0 0.953581 0.978412 286.812988 202.382643 397.551835 1584.283622
0 1.188217 1.188217 39.492255 538.521508 756.628784 1516.323401
0 1.111142 0.830313 366.758097 349.965124 556.915385 1562.187379
